1.037443
1.791592
1.508774
1.274266
1.572816
0.685449
1.032051
0.732263
0.957651
1.030808
1.236783
1.408145
1.401598
0.884229
0.732679
0.880334
1.334096
1.677053
1.014424
1.522794
0.282651
0.168824
0.476126
1.722085
0.560079
0.556095
0.999983
0.839926
1.379096
1.175968
0.898152
1.416539
0.967560
0.406926
1.690804
0.540376
1.092376
0.722855
1.272639
1.050027
0.753663
0.509421
1.458172
1.155261
1.393650
1.190851
1.035595
0.727747
0.867904
0.050019
1.250541
1.150555
0.218843
1.726667
0.872640
0.778922
1.282762
0.872623
0.618848
0.661858
1.048591
1.517000
0.078397
0.016151
0.923926
0.769201
0.556527
1.016302
0.492056
1.829166
1.066329
1.245719
0.338587
1.524501
0.400980
0.732237
0.715352
1.436576
1.459984
0.583256
1.486595
0.710525
0.733811
1.705437
0.437193
1.606451
0.484359
0.719955
1.479074
1.103207
1.381813
0.527665
0.620207
1.460210
0.543816
0.544133
1.229411
1.100343
0.560435
0.721468
0.929509
0.626765
0.967187
1.268096
1.151266
1.368167
1.000333
1.866618
0.804743
1.460318
0.449874
1.291337
0.170843
1.183685
0.996774
0.608035
0.790136
0.481134
1.327991
1.269210
1.584341
0.709804
0.796875
1.204548
1.170014
1.340692
0.748681
1.399425
0.441035
1.309117
1.120893
1.370544
0.935881
1.088080
1.638640
1.087147
0.456247
1.638974
0.953765
1.260989
1.099291
1.403639
0.552326
1.270134
0.587323
0.549101
0.878170
1.377459
1.030235
1.206160
1.646669
0.614576
0.915964
0.443544
0.819124
1.085978
0.784236
1.567805
1.485403
1.225271
0.876922
0.606296
0.595815
0.812803
0.694376
1.234455
0.899950
1.150622
0.873428
1.853715
0.411612
0.972720
1.257354
0.963938
0.242854
0.844678
1.513039
1.121023
0.222137
1.543274
0.327184
1.868805
1.157849
1.243148
0.312349
0.976973
1.329126
1.096585
0.544778
0.814529
1.321856
1.421700
0.420825
0.917670
1.234503
1.115201
1.152125
1.134454
0.265823
1.025554
0.988169
0.677434
0.998273
1.245523
1.641372
1.241127
1.090201
1.154411
1.362150
1.312337
0.697685
0.689334
1.181143
0.855534
0.932482
1.493492
0.832507
1.261607
1.590077
1.377285
0.076136
0.911933
0.798985
0.496961
0.829603
1.033488
0.612162
0.981729
1.167942
0.877984
1.007282
1.156111
1.555419
1.005555
0.401634
1.196791
1.246682
1.491835
0.351202
0.608833
0.804172
1.048887
1.298167
0.985315
0.904421
1.230649
0.478807
0.736929
1.492256
1.068885
1.114214
1.568392
0.980818
0.913199
1.065353
0.810421
0.946687
0.677515
0.792150
0.114629
1.555499
0.799432
1.270740
1.110918
0.804987
0.672374
1.307709
1.051669
1.164209
0.658912
0.660502
0.968381
0.707799
0.958669
0.953696
1.612220
1.189318
0.432504
0.349149
0.681573
0.501388
1.463362
1.249966
1.482206
1.376561
0.315319
1.292627
1.323248
0.992834
1.084777
1.437877
0.548333
0.884208
0.708617
1.659251
0.689196
1.380991
0.966961
0.740865
1.545200
0.625872
1.401367
0.513581
1.333671
0.360036
0.467277
0.945891
0.549354
0.899781
1.295040
1.230927
0.401169
0.758403
0.480893
1.883375
1.134964
0.796212
1.176002
1.458212
0.789046
0.260779
0.896088
1.337379
1.144987
0.604705
0.996630
0.834183
0.985696
0.963591
0.575048
0.530895
0.589463
0.976415
1.044476
0.923134
0.336451
1.511754
0.869026
0.885804
1.411534
1.164066
1.116732
0.812704
0.922468
1.597624
0.696079
1.057432
0.393836
1.872081
0.515644
0.182882
0.132860
0.411732
1.520261
1.277847
1.016437
0.516891
1.112030
1.002133
0.480482
1.687078
0.533028
1.069946
1.663493
0.577505
0.993080
0.999943
1.089258
0.862106
0.885748
0.500793
1.026172
1.002479
1.313496
1.948640
1.600104
1.009575
1.006073
0.993940
0.881655
1.521716
1.176822
1.014515
0.933448
0.697082
0.292362
1.949885
1.213974
1.404392
0.952018
1.694456
1.091469
0.485046
1.764402
0.754962
1.062550
0.757482
1.754905
0.151808
1.619588
0.640653
0.652601
0.645760
1.643133
0.966097
0.594401
1.243236
0.975672
1.600473
1.237176
1.857327
1.122189
0.413998
0.871842
1.055637
1.111080
1.164204
1.005522
1.325054
0.568596
0.957540
1.019510
0.660065
1.442585
0.783911
1.415027
0.505136
1.541394
1.169932
0.656944
1.160982
0.810586
1.309545
1.806742
1.453718
1.275642
0.401143
0.696955
0.251314
1.001616
0.934131
1.108641
1.123805
1.348129
0.980483
1.179443
0.459209
1.144687
1.184965
1.784263
0.713282
1.142505
0.803773
1.373348
1.585090
1.587684
0.788375
1.090226
1.129078
0.958307
0.747170
1.290059
0.768893
1.056715
1.096801
1.222611
0.332357
0.497944
0.919566
0.583670
1.499560
0.853697
0.692311
0.623366
1.201826
0.672794
0.802808
0.661035
0.817480
0.987773
0.445297
0.530763
1.130278
1.249070
0.904110
1.715368
0.836754
0.692485
0.805594
0.965831
1.650792
1.552764
1.255891
0.419685
0.609478
1.352692
1.642295
0.941835
0.850636
1.561861
0.525505
0.350196
1.415558
1.217816
0.973562
0.617383
1.890610
0.776370
1.278418
0.708090
0.764143
0.723716
1.238853
0.894421
0.972786
1.142964
0.609789
0.809540
0.835449
1.415383
0.775371
0.486241
0.968147
1.031262
0.905925
0.577625
1.383954
0.548221
1.519460
1.234590
1.110082
1.044965
1.584786
1.525640
1.262781
0.558348
1.143023
1.153391
1.334718
1.421441
0.861481
1.098862
1.145157
1.100335
0.993283
1.117942
1.243298
1.603072
0.927482
0.078747
1.018456
0.702853
0.564987
0.986603
0.734115
0.470913
1.564228
1.118069
1.019133
1.083688
1.352659
1.129215
1.128653
0.937445
1.654855
1.391434
1.495793
0.797878
0.544826
0.830511
1.219319
0.406307
1.929373
1.364476
0.506642
0.922655
0.482418
1.749940
0.525728
0.409900
1.828687
0.544183
1.112753
0.393674
0.530786
0.846868
0.864587
1.095014
0.964937
0.883720
1.178702
0.317596
1.012935
1.307355
1.255040
1.667790
0.698789
1.750833
1.465667
0.243615
0.581344
1.684986
0.649922
0.510717
1.049462
1.156563
0.433372
1.531880
0.906503
0.959100
1.941781
1.735190
1.503283
1.054534
1.128864
1.034069
0.901402
0.993451
1.129083
0.866339
0.877170
1.307785
1.183935
0.890105
0.615140
1.438975
0.557895
0.313929
1.189808
0.023562
0.557543
1.771153
1.708548
0.207465
1.281869
0.758010
1.364028
0.715242
1.289891
1.270532
0.674342
1.231671
1.005721
1.177625
1.286205
1.134585
1.211694
1.187608
1.128036
1.340777
1.053947
1.005206
0.648562
1.237882
0.895312
1.263702
0.676857
1.453207
1.577630
0.866665
1.476769
1.135174
0.637818
1.185317
0.342639
0.919687
0.943328
0.706667
1.634929
1.233219
0.977199
1.309270
1.464890
0.982920
1.486895
1.751095
1.117506
0.698590
0.938703
0.245542
1.039367
0.992650
1.250748
1.687929
1.230532
1.146060
0.951631
0.907389
0.599266
0.529261
0.774054
1.076035
0.664435
1.411872
1.261352
1.007074
0.331559
1.204680
1.713741
0.966487
0.437899
0.690940
1.275758
0.902789
1.673860
0.762653
0.653884
0.791365
1.461242
1.592587
1.036907
0.500610
1.585237
1.287655
1.188539
0.815769
1.433714
1.140170
0.723158
1.032981
1.669431
1.497212
1.109016
0.333866
0.909083
1.370368
0.340940
1.240642
0.575048
1.054681
1.207129
1.012947
0.745621
1.482887
0.915735
1.419480
1.245540
0.569619
1.210846
0.706782
1.162207
0.247752
1.207392
1.747444
0.535407
0.395931
0.563213
0.969121
1.536100
1.286371
1.002102
1.205532
0.783583
1.111118
1.539398
1.692666
0.481486
0.880338
1.933308
1.056535
0.935019
1.140438
1.069482
1.680640
0.623325
0.985217
1.100120
0.868865
1.554836
0.310966
0.575647
0.717043
0.558718
0.783039
1.464487
1.094126
0.178970
1.027700
1.063247
1.715071
1.314071
1.065349
0.920602
1.097654
1.176467
0.460000
0.790320
1.657954
0.340338
0.723629
0.714489
1.275357
0.864067
0.783970
0.955997
1.487391
0.769187
1.056118
0.356256
0.324023
1.367084
0.931903
1.041066
0.925802
0.714943
1.505553
1.019928
0.893913
1.533253
1.083175
0.608983
0.847324
0.148524
1.529585
1.944978
1.324992
0.989586
0.735298
0.982946
1.329924
0.458927
0.697434
1.605281
1.322994
0.481404
1.561278
0.810385
1.250592
0.617396
1.166641
0.574615
0.984480
1.098545
0.615681
0.910282
0.813487
1.121234
1.930210
0.707400
0.654487
1.013384
1.316383
1.501811
1.161909
0.845969
1.446789
0.486900
0.835554
1.182087
1.469846
1.165478
0.641014
1.167280
0.770759
0.964008
0.648684
0.332037
0.774393
0.899276
0.949433
0.941034
0.473891
0.933913
0.039578
1.089573
0.844195
0.853066
1.210807
0.774405
0.560466
0.865294
1.787789
1.876849
1.367105
0.949698
0.722818
0.813894
1.436598
0.558372
0.995981
0.906443
0.723850
0.636996
1.073723
1.494609
1.601003
1.722408
1.826646
0.375396
1.621684
0.776080
1.316430
1.095575
0.709993
1.356008
1.185147
0.554187
1.209074
0.395954
1.328592
1.769539
1.261249
1.116381
1.646388
0.628354
1.066079
1.369206
1.442248
1.502676
0.927578
1.438229
0.409120
0.651428
1.075225
1.482843
1.146037
1.676228
1.205251
0.972683
1.051624
0.826934
0.748763
1.368054
0.922509
0.458755
0.724062
1.107656
1.012943
0.933136
0.503611
1.341535
0.702676
1.764859
0.457916
1.349064
0.393213
0.523995
0.718270
0.835461
1.026671
1.645848
1.273690
0.435791
1.297276
0.348914
0.918634
1.443313
1.025142
1.123884
1.415996
1.076767
0.950818
1.164759
1.444821
1.873327
0.623514
0.168883
0.980983
0.636457
1.102020
1.484594
0.977992
0.804695
1.249453
1.435908
1.153759
1.642666
0.959903
0.872030
0.478127
0.986573
1.517878
0.751817
0.422364
0.815154
1.100731
0.340997
1.258467
0.125874
1.464882
0.674463
1.202640
0.415700
0.839222
0.647461
1.289027
1.462736
0.816344
0.270010
1.099193
0.918364
0.754605
1.077185
0.723059
1.004058
1.513094
0.876819
1.646724
0.472996
0.748848
1.124851
1.459570
1.266726
1.876668
0.881933
1.081880
0.977399
1.222931
1.340347
0.103273
0.687813
1.014809
1.305913
1.103512
1.854031
0.953374
0.392539
1.316767
0.769719
0.662550
1.415961
1.688082
1.417154
0.493146
0.411142
0.421212
1.006240
0.287960
1.067936
0.479236
1.036809
1.192788
0.938805
0.303534
1.069456
0.820739
0.385414
1.046855
1.043670
0.725761
1.150128
0.731482
0.740570
0.456041
0.834995
0.594601
1.409415
1.227534
0.911369
1.179134
0.890084
1.327330
0.867217
1.307238
0.820476
1.278358
1.728450
0.826716
0.566319
1.796387
1.305952
1.603127
0.989174
1.244757
0.906662
1.058630
1.065496
1.292076
1.105485
1.109166
1.017837
0.255613
0.840648
0.758407
0.711654
0.675643
1.353008
1.121069
0.903177
0.264377
1.300203
0.793261
1.591707
1.167420
1.100499
0.412182
0.445778
1.828950
1.238898
1.012097
1.625336
0.544850
0.615224
1.614511
0.789607
1.521885
0.673141
1.855103
0.813961
0.778626
0.964268
1.831798
1.034238
0.804917
0.590204
0.745892
0.480559
1.943213
0.866961
0.383737
0.207590
1.167164
1.176997
0.799296
1.334584
0.277497
0.211479
1.780363
1.106446
1.450377
0.792459
1.731783
0.995227
1.407683
1.346293
0.784833
0.929568
1.019434
1.639936
0.743529
0.798060
0.604204
0.575327
0.832298
1.409121
1.165531
0.578190
0.889680
1.108744
1.445151
1.273417
1.316333
0.612315
0.450414
1.115629
0.946900
0.727911
1.327108
0.727262
0.834357
0.777485
1.519722
1.566140
0.772712
0.927404
0.912433
1.557545
1.856973
0.931867
1.197481
0.600502
0.729927
0.801685
0.175828
0.562225
1.210806
1.341359
1.140414
1.100486
1.450103
0.585565
1.373903
0.766436
1.197881
0.824317
0.882066
0.144780
1.552227
0.209174
0.872043
1.386584
0.986659
1.391764
0.952724
0.759371
0.319169
0.865157
1.316916
1.176141
0.797024
0.514396
1.776643
1.526951
0.316082
0.952471
0.089176
1.526887
1.293831
1.229590
0.627373
0.743934
1.815155
1.001276
1.510370
1.013036
0.825592
1.392435
1.157816
0.377820
1.601609
1.029859
1.764404
0.588268
0.421623
0.717128
1.347638
0.740792
1.582285
0.664554
0.916933
0.379310
1.178951
0.693576
0.906260
1.495032
0.646047
0.995436
1.021919
1.939878
1.225026
1.649293
0.683811
1.040181
1.650568
1.194181
1.053217
0.476161
1.586616
0.211034
0.853980
1.188225
1.240893
1.618385
1.776493
0.662516
1.335513
1.124131
1.403308
0.917798
0.788686
0.320241
1.297108
0.967636
1.013817
0.203369
1.462668
1.659864
1.198805
1.484588
1.599742
0.423831
1.133880
0.283553
1.464012
0.784449
0.477734
1.517229
0.260609
1.064350
1.728263
1.114590
1.252575
0.969155
0.732974
1.029068
1.631671
1.068488
1.153200
1.034979
0.986286
0.941885
1.355220
1.283394
0.909522
0.369037
1.486763
1.372190
1.028901
0.685567
0.856778
0.628643
1.109398
0.990658
0.912196
0.573409
1.775107
0.389930
0.090639
1.035716
1.454280
0.818901
1.150306
0.706856
0.788057
0.883280
0.735924
0.419728
1.951768
0.889124
1.454707
0.938054
1.831009
0.809927
1.221448
1.740531
1.178964
0.708210
1.112721
1.207865
1.393777
0.969499
0.836507
0.503175
0.960157
1.748703
1.076584
0.735264
0.138633
1.167223
0.770980
1.592913
0.986124
0.921286
0.299769
1.774181
0.804566
0.035693
1.193909
0.756333
0.924817
0.648616
1.694387
0.755827
1.458544
0.915834
0.496358
0.637508
0.624044
0.609079
1.845372
1.017822
0.578578
0.681880
0.520996
1.538735
1.430583
0.597581
1.273999
0.569216
0.764804
1.044979
1.162129
0.750928
0.966265
1.461898
0.525109
0.770830
1.497592
0.719018
0.527163
1.422409
1.367635
1.221550
1.178236
0.826178
1.137384
0.674594
0.463686
1.761429
0.283673
0.309058
0.779250
0.862251
0.990938
1.300247
0.400986
0.421521
0.897827
0.674985
0.990736
0.662631
0.719964
0.152866
1.413559
0.686229
1.614764
0.938669
1.457059
1.112356
1.657687
0.984222
0.534765
1.025322
1.205772
0.713000
0.851500
0.343157
0.387594
1.315186
1.104585
0.671267
1.624244
0.883835
1.533518
0.615182
0.184082
0.934504
1.036703
1.081909
0.609489
1.027439
0.744540
1.329453
1.180305
1.158100
1.015682
1.795069
1.096768
1.472741
0.907425
0.754455
1.456964
1.442189
0.779777
0.662736
1.155190
0.631277
1.005893
0.542784
0.946463
0.110478
1.214050
0.570708
0.994313
1.747568
1.185890
1.178395
1.682071
1.222593
1.260304
0.291560
1.250032
1.004844
0.621014
1.430337
0.162944
0.636696
1.225407
1.259712
0.109437
0.132831
1.014167
1.566401
1.575021
0.793944
1.229138
0.730210
0.425221
1.235030
1.272994
0.371685
1.345508
1.487044
0.942392
1.339821
1.234612
1.128282
0.518216
0.916683
1.350875
0.778520
1.208243
1.600907
0.783364
0.829257
1.031245
0.946308
1.465953
0.256651
1.206021
1.575390
0.389483
1.220188
1.141791
0.964503
1.014132
0.370929
0.694714
0.439354
0.605959
0.967707
0.811038
0.951467
0.454751
0.753430
1.291289
0.689363
0.881713
1.809505
1.606046
1.232588
0.588024
0.814289
0.833495
1.371389
1.643546
0.864740
1.317697
1.109499
1.121392
0.523717
0.684889
1.510874
0.743905
0.826680
0.475378
0.758038
1.197609
1.170091
1.197391
0.803568
0.137799
1.008430
0.755035
0.592550
0.761860
1.046324
1.281913
0.643573
0.855828
0.887959
0.876160
0.443853
0.702248
1.709656
0.815241
1.345794
1.574396
1.132938
1.455293
0.695787
0.656655
1.140182
1.206662
0.400561
0.966862
0.682039
1.158598
1.164470
0.852131
0.355989
0.968038
0.989929
1.364419
1.723073
1.582480
1.126279
1.769397
1.864393
0.769851
0.625225
0.752352
0.646012
1.069078
1.454600
0.355667
0.884319
0.800394
0.930063
1.017257
1.255687
0.625850
0.673913
1.395868
1.832512
1.074473
1.362730
0.514551
0.233071
0.527200
0.366682
0.589061
0.495239
1.356611
0.953479
1.218312
0.939091
1.079758
0.987709
0.803483
0.849610
0.612935
0.555835
1.495622
1.682013
1.010435
0.851289
0.566332
0.810829
0.781352
0.583589
1.066515
1.407202
1.257502
1.462384
1.239714
0.331975
0.825114
0.754265
0.565046
1.352314
0.120947
1.154107
0.847553
1.477558
0.107586
1.065865
0.416648
1.187345
1.053574
1.220132
1.036954
0.666508
0.775966
0.532576
0.348521
0.786401
1.383865
0.914853
1.597230
1.165217
1.498442
1.663745
1.572419
0.755944
1.126129
0.812132
1.087919
0.951243
0.566397
0.652966
1.303557
0.687344
0.807073
0.151110
0.164901
0.914659
1.216975
0.581550
1.102004
1.270549
0.801681
1.138958
0.937057
1.577648
1.671534
1.285578
1.364049
1.055399
1.200431
0.961279
0.220615
1.698874
0.625024
0.793034
1.454818
0.751153
1.605166
0.542737
1.702396
0.171563
1.195703
1.005953
0.858907
1.002776
1.157063
1.023808
0.917435
1.374038
1.605358
1.019438
0.644587
0.407040
1.158396
1.581644
0.984688
0.829930
0.867222
1.348737
0.885329
1.067654
0.310015
1.105944
0.766528
0.935039
0.898978
0.221345
1.686191
0.504144
0.764083
1.388587
0.675707
0.959786
1.394540
0.534614
0.962561
0.551603
1.558422
0.879996
0.925640
1.163781
0.899434
0.570227
1.570820
1.057830
1.151871
1.555508
1.887760
1.019093
0.904244
0.773089
1.086747
1.214260
0.879032
0.853275
1.149298
0.778010
1.074620
0.835490
1.282154
0.838703
0.224077
0.957861
0.798488
0.618617
0.492475
0.761050
1.170219
1.050897
0.641045
1.095860
1.214678
1.540479
0.666087
0.785498
0.598309
0.817958
0.341006
0.486069
0.837051
1.245250
1.259158
0.923798
0.459510
1.138190
0.777073
0.608808
0.916200
0.851693
1.444298
1.198354
0.690396
1.668375
1.156215
0.488884
1.286992
0.648690
1.249934
0.457211
1.699587
1.890979
1.553070
0.914265
1.431458
1.219157
1.699763
1.029768
1.037115
1.040769
0.515837
0.874165
1.286020
0.774994
0.797963
0.745529
0.913184
0.575036
1.354338
0.829385
0.426729
0.798636
1.027738
1.117124
0.467011
1.183953
0.606008
0.754002
0.832643
0.855942
1.211213
1.532229
1.746921
0.764283
0.446494
1.178380
0.983440
1.146258
1.208147
1.020555
1.187027
0.723984
0.894720
0.473046
0.498978
0.692684
1.218576
0.412163
1.267720
0.572913
1.241547
1.694448
0.371549
1.269285
0.811573
0.838560
0.453238
1.417581
0.592562
0.285881
1.273523
0.803775
0.818110
1.020444
1.568058
1.264605
1.198824
1.551498
1.410863
1.406971
0.572053
0.597889
1.130955
1.466773
1.070936
0.629933
1.159456
1.289512
1.042095
1.427176
1.862425
1.283642
1.121624
1.233974
0.552928
0.933197
1.072534
1.006166
1.350778
0.665096
1.292047
1.624301
0.468871
1.110157
0.644746
0.036929
1.374762
0.843570
1.588427
0.785625
1.250541
1.160480
1.383514
1.381495
1.627253
0.454450
1.011428
0.786709
0.743962
1.053523
0.213885
0.606387
1.337166
1.335510
0.840361
0.890093
1.268707
0.912895
0.896260
1.619485
0.577991
1.188307
1.243786
1.046861
1.298464
0.888532
1.083790
0.673226
0.732102
0.672217
0.458851
0.982642
0.832697
1.842366
1.364138
1.459949
0.296816
0.375566
1.246658
1.040777
1.429089
1.460543
0.647164
0.766255
0.796053
1.487525
1.656348
1.064760
0.400420
0.552608
0.684245
0.978410
0.740914
0.928031
1.025272
1.039379
0.816563
0.109062
0.712605
0.548665
0.781279
1.171456
0.531307
0.613975
1.013822
0.895445
1.073924
1.310638
1.271011
1.320582
1.351415
0.700100
1.781126
0.998579
0.466354
0.577178
0.486104
1.122702
1.641938
0.886523
0.675310
0.326182
0.864934
0.416225
1.254213
0.890205
0.455603
1.070777
0.999267
1.168208
0.619441
0.780546
1.339664
1.150749
1.394521
1.353486
1.046194
1.468445
0.664124
0.317204
0.789027
1.015539
1.017304
0.570153
1.014117
1.483658
1.147331
0.500221
1.606361
0.789269
1.386744
0.281671
1.115452
1.251678
0.697895
1.369665
1.141883
1.153499
0.440442
1.141151
1.321707
1.059883
1.921696
0.661371
1.210632
1.316217
1.014857
1.256826
0.784662
0.678981
1.574030
1.573690
0.694520
0.591334
1.143843
1.708637
1.074992
1.291174
0.208859
0.681353
1.080444
1.595603
0.963024
0.195896
0.847281
1.660919
1.565561
0.989164
0.814418
1.006003
1.130315
1.136125
1.065886
1.052011
0.797496
1.276518
0.368228
0.812353
1.533344
0.152891
0.491335
1.107374
1.726580
1.185855
0.698708
0.870423
0.894492
1.773701
1.161598
1.103351
0.455054
1.242041
0.698954
1.418078
0.437937
0.546234
1.078997
1.003498
1.535399
0.893415
1.009501
0.665714
1.029540
0.075387
0.717725
0.827036
1.351906
1.085953
0.639389
0.885250
1.238844
1.130723
0.992624
0.965425
0.316578
0.691333
0.835848
1.211070
1.465034
0.997446
0.314421
0.920087
0.239487
1.013374
0.338165
0.677424
0.559609
0.417162
1.680923
1.095008
0.310578
0.690424
1.760721
1.340118
0.765811
0.478447
1.167153
1.117717
0.564400
0.806542
1.002967
0.803244
0.937266
0.995591
0.768669
1.253844
0.686924
0.604517
1.464914
1.151957
1.601963
1.779335
1.072045
1.841450
0.792709
0.410210
0.518874
1.352318
0.827372
1.199797
0.447326
1.137950
0.890220
1.208047
1.478068
0.656031
0.686494
1.645221
0.773748
1.250894
1.451763
0.776715
1.054138
0.389029
1.772306
1.822807
1.642873
1.459230
0.427324
1.107787
0.611187
1.029287
0.887121
1.683232
0.870736
0.679830
1.093442
0.389611
0.032148
0.920814
0.589407
0.479474
1.058765
1.479628
1.687521
1.536832
1.135659
0.374014
1.182054
0.909407
1.624908
0.633817
0.686122
1.679046
1.022846
0.458428
1.501853
0.665719
0.917657
0.929177
0.773505
1.528845
0.958463
1.660626
1.212076
0.829200
1.340457
0.305518
1.218810
1.372605
1.226333
0.808218
0.852078
1.285097
1.287846
0.539599
0.821930
1.423505
0.913613
1.003983
1.332912
0.538521
0.637800
1.019034
0.217567
0.660646
0.477461
1.719419
0.326365
0.395119
0.648596
1.099870
0.923963
0.607059
0.760496
0.136040
1.436259
1.100953
0.441558
1.655069
0.473557
1.667891
0.463287
1.325636
0.952988
0.751132
0.865235
0.774918
1.174637
0.778848
0.778901
0.507549
0.317369
0.416701
0.526582
0.534935
1.077347
1.004044
0.254355
0.403712
0.399163
0.902950
0.503582
0.323126
0.510009
1.264078
0.459166
0.946268
0.365031
0.900724
1.601337
0.838589
0.568615
1.064623
0.164225
1.521603
0.815756
1.029459
0.296520
0.990393
0.808307
1.075421
1.497941
1.125675
0.492122
1.024524
0.660610
1.569469
1.028568
0.914965
0.973182
0.427730
1.817915
1.476764
0.750857
1.327925
0.740842
0.210023
1.274193
1.105874
1.110747
0.875530
1.944462
1.679362
0.940153
1.108687
1.200964
0.755909
0.138146
1.497484
0.746301
0.946453
0.572905
1.244243
1.072128
1.065027
1.268766
0.732738
0.634497
0.297334
0.647703
1.607678
0.725065
0.465619
1.084442
0.475921
0.793544
0.825284
0.685944
1.067737
0.931158
0.796691
0.943266
0.875621
0.476052
0.883419
0.984308
0.677016
0.639328
1.122454
1.174500
0.385630
1.068906
0.747406
1.629872
0.141034
0.812433
0.898639
0.873773
1.446929
0.195973
0.521476
1.054608
0.921037
0.987095
1.139050
0.396959
0.780639
0.964334
1.082903
0.848376
0.895492
0.879593
0.791642
0.771113
1.355646
0.675061
0.755420
1.032662
1.314390
0.877874
1.207162
0.700019
0.946780
0.954568
1.329892
1.087814
1.767001
1.228530
0.961587
1.213930
1.424503
1.483063
0.268538
1.345541
1.470158
1.407587
1.742500
1.250797
1.371921
0.825402
1.099173
0.267414
0.704996
0.890814
1.038527
1.060641
1.565876
0.793947
1.093303
0.880265
0.671821
1.300465
1.580284
0.618601
1.255033
0.910176
0.706415
1.022033
1.138706
0.668002
1.235963
0.563210
1.151065
0.504501
0.908751
1.621224
1.912088
1.651251
0.872021
1.284010
0.476653
0.971193
0.551423
1.181648
0.862008
0.589950
1.242290
0.427883
0.383897
1.335592
1.308148
1.055718
0.636058
0.888433
0.674319
1.891090
0.798609
1.380734
0.913124
0.937315
0.048736
0.149087
1.500525
1.199802
0.653588
1.409276
0.821026
0.565676
1.060527
0.693046
0.849686
0.537179
1.664239
0.401110
1.718828
0.526247
0.991060
0.961117
0.954130
1.374957
1.296710
0.262278
1.430674
0.932767
1.150711
1.104993
1.823858
0.949320
1.485727
0.736982
0.886635
1.534464
0.886069
0.387160
0.734266
0.539657
0.796436
0.555291
1.105334
1.856963
1.248337
0.955020
1.394143
0.912577
1.356130
1.112970
0.438823
1.347189
1.074088
1.392953
0.722146
1.370798
0.655232
1.152821
1.303565
0.805943
0.257814
1.127423
0.755263
1.743541
0.864405
1.641898
1.278005
1.750474
1.029058
1.012270
0.290132
0.825495
0.567562
1.395465
0.682458
1.815899
0.350485
1.076600
1.728476
0.706615
0.189570
1.167299
1.053805
1.263658
0.560252
0.775951
1.634456
0.215484
0.928771
0.938022
1.021427
1.186585
1.065445
0.776690
0.930126
0.929850
0.418588
1.208131
1.680324
0.447646
1.220401
1.970456
1.273140
0.787962
1.365921
0.955598
0.603861
1.716406
1.032198
0.332337
0.423022
1.221768
1.499636
1.476826
0.485427
1.059888
1.252777
0.119883
0.275372
1.181548
1.057905
1.296800
0.368133
0.123350
1.073489
0.298259
1.053199
1.492077
1.506390
0.733524
0.939723
0.726790
0.703979
0.212863
0.514753
1.069900
1.168461
1.118614
0.786307
1.200659
1.450951
1.209328
1.422428
0.950587
0.686155
0.907854
1.010475
0.938932
1.027738
0.285848
1.120480
1.085642
0.582647
0.488613
1.208992
0.656137
0.786872
1.262191
0.148214
0.293261
0.995715
1.087937
1.020052
1.699694
1.300800
1.534805
0.769594
1.469261
0.653419
1.555901
0.669921
1.104370
0.765230
1.092348
1.054957
0.451384
1.000203
1.065433
0.390316
1.027940
1.351281
0.510795
1.113583
1.933928
0.999408
1.322574
0.590065
0.786280
0.584765
0.738279
1.079541
1.580480
0.826216
1.099593
1.280174
1.127016
0.634398
1.049769
1.596277
1.287817
0.605670
1.266198
1.392187
1.370899
0.358546
1.447144
1.822284
1.358749
0.512577
0.212599
0.386689
0.863858
0.723395
1.500272
0.797786
0.722803
0.822846
1.387851
1.509083
1.407611
1.126130
1.588624
0.988092
0.952345
0.688217
0.268266
1.079361
0.322615
0.318034
1.675639
1.610432
0.923704
0.941837
1.002619
0.294604
1.300383
0.449763
1.116887
0.659132
0.962340
1.329486
1.045821
0.826198
1.052881
0.546093
0.623984
0.775684
1.368939
1.011834
1.284767
0.776550
1.137964
0.873391
0.764642
1.090309
1.561608
1.032908
1.169671
1.884223
0.350942
0.845309
1.494655
1.274647
0.787146
0.497274
1.569250
1.087529
0.947037
0.686137
1.746661
0.909377
1.015623
0.792482
0.735575
1.068504
1.338575
1.359559
1.844188
0.707514
1.371393
1.128955
1.484065
1.509357
1.002345
1.248707
0.599667
0.563953
0.281615
1.769338
0.448176
0.632557
1.614647
0.942831
0.907204
0.401793
0.440105
1.476454
1.489322
0.387142
1.162591
1.235983
1.296519
1.178214
1.028465
1.032094
1.246719
0.367040
1.391653
1.090907
1.074554
0.763046
1.219862
0.558619
0.272403
1.222207
0.807326
0.872070
0.786160
1.088941
0.641408
1.234336
0.721498
0.256054
1.177168
0.628701
0.657848
1.617272
1.105155
1.147170
1.004414
1.267746
0.383153
1.300933
0.445960
1.411618
1.333027
1.692679
0.778658
0.724680
0.783586
1.853213
1.487725
1.003447
0.411832
1.760129
1.225654
1.219158
0.632199
1.011814
1.308098
1.273606
1.246151
1.029596
1.529661
0.423318
1.658297
1.187508
1.040591
1.763452
1.334678
1.045005
1.031198
1.717830
0.345938
1.477158
1.129448
0.678965
1.169837
1.908107
1.403644
0.953423
1.761319
0.891370
0.956870
1.173151
0.651498
1.182524
0.392309
1.283697
1.194338
0.700407
0.557303
0.440489
0.730003
1.086964
0.863807
0.388300
1.274472
0.904397
0.151753
0.609150
1.949402
1.182951
0.326980
0.295339
0.660109
1.456429
0.974304
0.829946
1.364535
0.377948
0.783369
1.125854
1.269318
1.740238
0.299005
0.920816
0.922762
0.691314
0.204513
1.117100
1.391721
0.761816
0.557589
0.121724
0.848780
1.421395
0.510024
1.123252
1.325793
0.661777
0.732401
1.275194
1.844728
1.059381
1.570534
1.504837
1.515810
0.544838
1.334783
0.880345
0.922786
1.118151
1.006199
1.192104
1.858390
1.305205
1.112920
0.781152
0.996519
1.317433
0.898252
1.388240
1.079249
0.455840
1.509964
0.928028
0.877235
1.019988
1.051280
1.203028
0.681765
0.783681
1.478222
0.526493
0.843063
1.048756
1.031330
1.358872
1.593594
1.366113
1.239217
0.516380
1.484264
0.245417
0.708484
1.342654
1.550621
0.821404
1.123806
0.547140
1.138837
1.022058
0.935380
1.218085
1.477898
1.445344
1.146114
0.355133
1.465332
1.197394
1.558161
1.147098
0.981075
1.036383
1.673591
0.824138
1.085140
1.704921
0.183010
0.678734
1.071034
1.422227
1.195114
1.555298
0.667644
1.903598
0.897953
1.218265
0.725002
1.021758
0.765406
0.863839
1.043816
0.700786
1.081924
0.521714
1.146130
1.228038
0.876847
0.611462
1.425432
1.435008
1.758560
1.406507
0.471391
1.432151
1.230644
1.556531
1.137072
0.413654
1.235265
1.208106
0.835882
1.430379
0.763404
0.503526
1.333977
0.661357
1.721791
1.058980
0.683115
0.487197
0.922818
0.726931
0.187983
1.004742
1.248645
1.334112
1.232780
1.125492
0.945574
1.658212
1.560499
1.704134
1.064718
1.031891
1.136285
1.295363
1.588422
1.273357
0.709017
0.823687
0.481463
0.544899
1.254066
0.244868
1.048424
0.588043
0.906224
0.770216
0.647023
0.589340
1.257412
1.569841
1.316271
1.445395
1.574583
0.564916
0.779507
1.807364
0.690407
0.725082
1.465575
0.250907
0.429216
0.530294
1.282797
1.565501
0.825657
0.871219
0.838859
1.534673
0.694905
1.320322
1.079572
0.948971
1.565189
0.127996
0.537014
1.471414
0.898212
1.184037
1.060753
1.155624
0.753878
1.377024
1.601019
1.328461
0.941940
1.380527
1.135825
0.632347
1.105608
0.601400
0.883254
0.534824
1.131694
1.166051
1.100325
0.957351
1.037270
0.939184
0.492024
1.732175
0.259506
0.571596
1.681146
1.824695
0.699593
0.218160
1.296109
0.597805
1.402197
1.356862
0.753429
1.156075
0.733886
0.354448
1.484536
0.675826
0.734975
0.620361
1.308174
0.840583
1.221762
1.191428
1.375407
1.353456
1.357479
1.475733
1.310807
0.394749
0.414917
0.802831
1.126924
0.674422
0.374428
0.808070
0.499117
1.074021
1.026230
0.795226
1.671825
1.428427
1.152088
0.425255
0.584502
0.885974
0.779703
1.069038
0.561800
0.514678
0.689399
0.869974
1.355261
0.911161
1.061402
0.730669
1.264617
1.418880
1.206401
0.575424
0.813629
1.621318
0.378255
0.940553
1.295740
0.752683
0.748623
1.794857
0.826704
0.774853
1.590083
0.498529
1.203280
1.742171
0.923784
0.787781
0.628144
0.703487
1.856819
1.189945
1.218165
0.546218
1.059918
0.573426
1.457379
1.121320
1.304094
0.721996
0.540200
0.510496
1.297419
1.353829
1.131813
1.675674
1.294382
1.427553
0.428357
1.043005
1.222411
1.255061
0.817857
0.812494
0.753590
1.021137
1.554664
1.677373
0.808918
1.182809
1.380860
0.665737
0.372753
0.599025
1.211956
1.432672
1.172450
0.669334
0.553992
0.476545
0.391330
1.094192
0.987040
1.688749
0.448021
1.118854
1.364423
0.742403
1.546407
0.792780
0.785408
0.768818
1.047841
1.603265
0.581311
0.801431
0.624402
0.135976
0.478804
1.433320
1.318784
0.859664
1.099057
0.691537
0.458689
1.311013
1.124209
0.631139
0.980347
1.678201
1.107684
0.371677
0.772393
1.094724
1.060426
1.220414
1.213578
0.424850
0.962818
0.759985
0.217630
1.748226
1.528803
1.265471
1.351491
1.110114
1.066902
0.975893
1.246090
1.545706
1.409213
1.564874
1.405370
1.508271
0.256411
0.864059
0.819283
1.380620
1.495198
0.799631
1.058821
0.602881
1.171308
0.831214
1.697605
1.231734
1.051629
1.911183
1.656584
1.014447
0.671167
0.874214
0.762672
1.199970
1.139685
1.114164
0.310084
1.206587
1.090057
0.556174
0.752293
1.499270
1.121047
1.157663
1.007541
1.377459
1.021722
0.826824
0.758079
1.516920
1.626455
0.816900
1.119801
0.797763
1.648115
0.817406
1.029498
1.699743
0.728589
1.686082
0.714190
0.399756
0.560296
0.476862
1.599726
1.699981
1.591026
0.909810
0.906568
1.681083
1.465984
0.658862
1.180353
1.587031
1.816525
1.187894
0.964490
0.838248
1.014718
0.722569
1.355167
0.641174
1.539469
0.474968
1.438937
1.187584
0.292374
1.468434
0.887328
1.020963
1.154516
1.601517
0.420719
0.714812
1.078380
1.020445
1.414793
0.669406
0.930255
1.321361
1.350489
1.396239
0.980223
0.530842
0.983271
0.796749
0.718736
0.947761
1.634996
1.733454
0.670330
0.990163
1.374628
1.209799
1.465132
0.813565
0.397383
0.757505
1.281999
1.284711
0.778468
1.436515
0.886228
1.199187
1.151327
0.964608
1.219632
0.566120
1.634014
1.149887
0.887481
0.984503
0.546126
0.867704
1.515344
0.529397
0.664453
1.234081
0.477158
1.299449
0.967535
1.147487
1.289613
1.342163
1.357286
0.754744
1.155728
0.754669
1.512250
0.437727
1.039380
0.290718
1.874242
0.925608
1.489905
1.025568
0.890216
0.709537
1.591688
0.524230
0.859424
1.479169
1.508732
0.405551
1.346874
1.024077
0.934948
1.011327
1.258157
1.412105
1.310776
1.225692
0.559593
0.600389
1.567855
0.916879
1.355134
0.723583
0.671549
0.867384
0.161310
0.710929
1.158102
1.035551
0.636537
0.648007
1.061120
0.526753
1.357543
0.652808
1.050982
1.216967
0.131977
0.559715
1.622518
1.478850
0.583791
0.557466
1.490177
0.841948
0.969571
1.800954
1.067641
0.529164
0.401343
0.635496
0.446043
0.756476
0.359079
1.117592
1.623860
0.520389
0.828520
0.781961
0.555940
0.465057
1.429968
0.617060
0.991810
0.787511
1.269868
1.042792
1.004479
1.401845
0.602506
0.626997
0.880695
1.186298
1.184463
1.370872
1.028246
1.154034
1.171826
1.095887
1.683198
1.573169
0.731383
1.129241
1.329645
1.090462
0.246833
0.953505
1.610851
1.075353
0.735466
0.166791
1.540410
1.165434
0.783852
0.532220
0.952945
1.053719
0.575012
0.957424
1.455564
1.177518
0.584421
0.336259
1.363816
0.768884
0.707132
1.392062
0.922917
1.878958
1.487949
0.606115
1.452126
1.219332
0.735357
0.781771
1.309794
0.982189
0.735276
0.920645
0.057543
1.470742
0.087436
1.597953
0.636176
0.871288
1.130172
0.589122
0.925007
0.705184
1.546546
1.380571
1.882702
1.130967
0.716831
1.246518
0.899850
0.423963
1.638580
0.822768
0.302920
1.126529
1.428883
1.755047
1.345861
1.164240
0.536818
1.655655
1.146429
1.272094
1.576300
1.203971
0.742837
1.663736
0.801924
0.379013
0.535024
0.932097
0.968135
0.460031
1.637281
1.514680
1.840603
1.519983
1.645647
0.557434
1.766501
0.545497
0.981396
1.405082
0.368264
0.284317
0.531611
1.797147
1.039364
1.877472
0.961387
0.576182
1.533127
0.107816
0.848277
1.109427
1.311787
0.591113
0.773164
1.113711
0.970126
1.308188
1.045808
0.938261
0.768219
0.683089
0.452941
0.608822
0.203072
0.098588
1.166255
0.969573
0.644084
1.147652
1.374655
1.012349
1.431969
0.906266
0.809496
1.471332
0.783738
0.770883
0.047515
1.316866
0.878699
0.895791
1.426293
1.190486
0.486904
0.199456
0.304197
0.457031
1.507644
0.350005
1.395291
0.275863
1.033094
0.848232
0.884685
1.236165
0.946820
1.050940
1.205739
0.590904
1.198592
0.580394
0.603253
1.630561
1.486660
1.412748
1.101893
1.270398
1.183631
1.149408
0.587264
1.062330
1.045199
1.013557
1.252815
0.532103
0.213013
1.557012
0.989134
1.720657
1.907017
0.384425
0.996521
0.940111
1.232657
0.881205
1.176276
1.179477
0.932146
0.382015
1.770381
1.130738
0.962409
0.373633
1.761298
0.449069
0.786382
0.863192
0.719467
0.970013
1.012599
1.306732
1.032343
1.057798
1.320289
1.285158
0.589901
0.533302
0.842171
0.579035
1.253959
0.749188
0.963460
1.250480
1.689299
1.196117
1.131685
0.865575
1.375594
1.063831
1.247590
1.145975
1.194569
1.209999
0.519608
0.955867
0.659069
1.305990
0.819059
1.378536
1.276003
0.831658
0.685268
1.308345
0.889456
1.005556
0.593504
1.479358
0.538858
1.435674
1.058393
0.792818
1.184862
1.021852
1.043298
0.874161
1.217969
1.174983
1.739736
0.593563
1.238814
0.987327
0.739538
0.433382
0.197326
0.259146
1.389249
0.856395
1.565136
1.208308
1.234931
0.841139
1.039966
0.920198
1.149484
0.929423
0.925755
0.742988
0.408780
0.464613
1.178662
0.467173
0.257430
1.363524
0.489025
0.300728
1.237685
0.706995
1.475711
0.977422
1.300558
0.714524
0.964748
1.040096
0.147907
1.162075
0.299242
1.537156
1.018470
0.864378
0.745464
1.253401
1.705517
0.785431
1.173599
0.855001
0.714853
1.099353
0.597988
0.123634
1.563966
0.776650
0.590807
0.821396
1.140174
1.079832
1.122124
0.377859
0.786827
0.597835
1.355281
1.087385
0.312359
1.320029
1.127482
0.460265
0.482104
0.426724
0.997421
0.500574
1.291102
0.742886
0.753974
0.996619
1.528316
0.927573
0.851620
1.243169
1.026927
0.449608
1.366803
1.590893
1.226258
0.957610
1.412289
0.366433
1.037442
0.534413
0.744292
0.824268
1.132248
1.099573
0.911654
1.444606
0.419602
1.039135
0.904872
0.901706
0.465859
0.902293
0.402280
1.756962
0.645179
1.156254
0.753581
1.173495
1.083827
0.605201
1.416664
1.110753
1.054809
1.783467
0.701646
0.281067
0.741077
0.113935
0.647500
0.778518
0.648348
0.391792
1.602787
0.780595
1.491364
0.514441
0.225202
0.910966
0.553576
1.130074
0.812672
1.019435
1.032367
1.214952
0.776397
0.677546
0.371205
0.529978
0.851041
1.455032
1.135178
1.267706
0.565785
0.189987
1.051173
0.267431
0.471055
1.792250
0.381366
1.118554
0.570769
1.029714
0.510346
1.173556
1.810309
1.001710
0.687996
1.035511
0.912677
1.241572
1.165585
0.725349
1.261008
1.197952
0.940300
1.037405
0.875499
1.311505
0.567383
0.726540
0.766537
0.702561
0.994246
1.332322
0.892548
1.045420
0.599754
0.363603
0.837670
0.981120
0.482157
0.408439
1.010833
0.992503
1.581995
1.821143
0.994214
0.269991
0.856654
0.906890
1.511564
1.022239
1.632239
0.772571
1.220192
1.572539
0.809976
1.095691
0.884044
1.377359
0.822231
0.650581
1.079920
0.816477
0.982903
0.972468
0.861897
0.582657
0.336071
0.699567
1.563776
0.818228
1.108005
1.574610
0.810732
0.690000
1.395753
1.804945
0.959991
1.252407
0.711835
1.471554
1.274646
0.344074
1.244126
1.494838
0.916612
1.054102
1.590529
0.800656
1.431461
1.412759
1.451237
1.511381
1.229236
1.434141
1.483850
1.091133
1.016798
0.819921
0.790699
1.580574
0.638149
0.898705
1.155184
1.448881
1.588705
1.550937
1.253826
0.548695
0.803344
0.965661
1.020250
1.077990
0.309735
1.264376
0.572828
1.226347
1.318478
1.163357
1.027003
0.749939
0.576116
1.478241
1.261320
0.805352
0.912381
0.745170
0.896485
0.929179
0.565090
0.687184
1.509753
1.203240
0.585889
1.664937
1.652120
1.174593
1.215874
0.905946
0.723289
1.019218
0.871607
0.743539
1.097208
1.181341
1.007914
1.670036
0.407688
1.326392
1.833392
0.434691
1.076331
0.409508
0.912932
1.337652
1.214860
0.825313
1.082821
1.111345
1.754492
0.647912
0.798529
1.264245
0.851151
1.384418
0.929182
1.503272
0.559011
1.145056
0.409217
1.282300
1.164274
1.280824
1.025839
1.261482
0.462165
1.033753
0.931518
0.869853
0.360145
0.764910
1.304545
0.436477
1.174418
0.217477
0.774128
1.389279
1.042790
0.856950
1.500624
0.797282
1.504862
0.299153
1.061528
0.356013
0.683571
0.990710
0.859284
1.242582
1.135766
1.268502
0.524882
1.300040
1.549326
0.550720
0.561522
1.011491
1.584473
1.493040
0.881344
0.944619
1.257950
1.185889
0.381095
0.432369
1.403365
1.155224
0.821647
1.446155
1.012173
1.322271
0.243438
0.517035
0.621424
1.304965
0.873048
1.304995
0.295675
0.732332
1.547577
1.431442
1.000834
0.072458
0.731482
1.550160
0.623179
1.293004
1.561651
0.207652
0.786044
0.442995
1.152271
1.043995
0.628883
1.533366
1.476363
1.032249
0.688590
1.298010
1.478404
0.700763
1.620281
0.721842
1.217798
1.241705
1.026807
0.090846
0.546700
1.322482
0.823179
1.094277
0.753924
0.824013
1.166735
1.485406
1.374173
0.789914
0.778410
0.935823
0.997566
0.564455
0.378818
1.149837
0.608449
1.007701
0.683202
0.084812
1.039950
1.371792
1.382823
0.518354
1.072555
1.003104
0.240196
0.290354
0.244810
1.267003
0.381200
0.791510
1.589485
1.204378
0.885787
1.343409
1.028391
1.052522
0.828815
1.402564
0.842436
0.607225
0.338387
1.840002
1.171680
0.717205
0.989838
0.780129
0.724907
0.673041
0.864941
0.764857
1.044833
1.247764
1.283211
1.117388
1.250868
1.523407
0.407742
1.495678
0.790410
0.788941
0.287188
1.379896
0.993320
1.172975
1.723305
1.021711
1.225497
1.552120
0.424275
1.067933
1.159345
0.762662
1.907934
1.331025
1.479867
0.897773
1.111153
0.204774
1.570813
0.976094
0.969631
0.615646
1.223858
0.252842
0.733035
0.474727
1.776249
1.140776
0.970405
0.566659
0.929718
0.257593
0.946555
0.923037
0.430567
0.669860
0.944748
0.656064
1.221980
1.369023
0.723997
0.381325
1.131685
0.631931
0.712349
0.611553
1.529703
0.823503
0.816327
1.100517
0.799597
0.785958
0.716163
1.023455
1.038800
1.449198
0.498182
0.815049
0.589974
0.468587
1.381708
1.519692
0.726180
0.328263
1.442729
1.156747
0.998123
0.387477
0.812811
1.220103
0.756501
1.536807
0.601427
0.888186
1.168738
1.313777
1.499739
0.698442
0.137279
1.316066
1.798959
0.936877
1.102024
1.515122
0.960332
1.140824
0.964319
0.458514
0.955872
0.554293
0.927101
1.337580
1.073985
0.653280
1.665843
1.516714
0.810027
0.663966
0.904191
0.622838
0.884068
0.660692
1.159646
0.485496
1.548878
1.328384
0.799272
1.048617
1.026826
0.936552
0.364683
1.825785
0.873428
1.466707
1.340906
0.833760
1.607531
0.305226
0.292274
1.563403
0.859519
1.219375
0.900983
0.933504
0.872656
0.566826
1.450218
0.682683
1.230792
0.354409
0.305521
1.114860
1.015100
1.465167
1.600356
0.563978
0.793551
1.399628
0.612595
0.820377
0.336180
0.977279
0.646162
1.209609
1.443986
0.987068
1.043369
1.051516
0.292294
0.335643
0.614919
0.151813
0.555019
1.515902
1.085317
1.427674
0.082729
0.535534
1.110358
1.313520
0.889943
0.415879
0.428381
0.905043
1.881046
1.028737
0.469022
0.674598
0.428365
1.081617
1.494975
0.764545
1.058896
1.141137
0.974154
0.502882
1.128205
1.017523
1.554398
0.420499
1.353166
1.169317
0.572312
0.908185
0.685220
0.657629
1.335859
0.767948
1.193163
1.446217
1.081469
1.083106
0.862096
0.509850
0.988149
0.743142
0.538586
1.457171
0.417740
0.966951
0.538788
0.912715
1.731497
0.597684
1.053852
1.705650
1.100565
1.182057
0.723173
0.654963
1.602556
1.076339
0.824280
0.174868
0.984524
1.509500
0.832496
1.320383
1.277449
1.025659
0.766600
1.358917
0.108765
0.628695
0.868767
1.096914
1.371837
1.407353
0.554085
1.789577
0.374305
1.092873
1.702292
1.105801
1.690556
0.756144
0.811451
0.791121
0.938200
1.534624
0.446084
1.540756
0.610963
1.270365
0.715624
1.595487
0.779865
0.548120
0.915870
1.057314
0.573780
1.682470
0.416231
0.682545
1.311165
1.284998
0.779459
0.683003
0.692352
1.333543
1.472580
1.066656
0.426416
1.174872
1.172457
1.116972
0.931016
0.983909
0.908094
0.869216
0.518533
1.354178
1.409972
1.129497
0.624543
1.125596
0.724984
1.404408
0.673717
1.640854
1.461722
1.247496
1.323324
1.877953
0.930041
0.634489
1.162951
0.709500
0.317492
0.855302
1.043043
1.790071
0.921959
1.469459
0.964943
1.094416
0.586432
0.895959
1.078325
1.494525
0.765175
0.596858
0.848703
1.175148
1.726354
0.473246
1.300744
0.451338
0.877654
0.974460
1.092192
1.339375
1.221957
1.415516
1.217328
0.151998
1.050005
1.380279
0.861497
1.367496
1.235581
1.904541
1.157568
1.157540
1.374000
1.122511
0.251956
0.960431
1.018470
1.330281
1.454957
0.783645
0.927138
1.303660
0.958793
0.653492
0.776905
1.259537
1.104831
0.654559
0.233997
0.197023
0.993934
0.455954
1.612538
1.211262
0.607952
0.662543
0.591541
1.469449
1.030039
1.827123
1.373990
1.187607
0.984663
0.747990
1.310118
1.236619
0.708421
0.328588
0.566899
1.163378
1.112233
0.494038
1.467037
1.071026
1.147530
0.243942
1.330563
1.252361
0.898501
0.564560
1.449383
0.892436
1.020514
1.061922
0.103698
1.628466
0.724465
0.695239
1.097914
0.754504
0.522362
1.471904
0.942111
0.507025
1.219894
1.252229
0.743644
0.928315
0.580817
1.310543
1.091692
1.693051
0.804581
1.558729
0.764077
0.952111
0.802672
1.094640
1.204472
1.701173
0.659200
0.653855
0.593609
1.679714
1.715777
0.697307
1.308179
1.440242
1.392546
0.406094
1.194746
0.914908
0.877998
1.136857
0.421933
1.097892
1.389087
1.165577
1.026206
0.969904
1.476120
1.117899
0.662954
0.280701
0.676628
0.427031
1.232812
1.479299
0.521671
1.437284
1.180472
1.180871
1.091139
1.774081
0.860585
0.806916
0.471388
1.168764
0.247158
0.863934
0.574858
0.441904
0.778842
1.452856
0.578762
1.200775
1.550748
0.967848
0.366352
1.576954
0.937752
1.842472
0.694853
1.600707
0.123174
1.371481
1.027738
1.355986
0.850780
0.549409
0.793270
1.031253
1.730280
0.884410
0.805334
0.590865
0.691326
1.276722
0.759629
0.938484
0.140655
1.334487
0.380388
0.919497
0.787343
0.959150
1.120272
1.338091
0.926998
1.486624
0.915046
0.864750
1.329096
0.609899
1.465457
1.452270
0.981380
1.493195
1.808256
0.832160
1.042604
0.601526
0.863413
1.772883
1.485936
0.668747
0.363748
1.177261
0.945468
1.123377
0.115745
1.086123
1.457864
0.496133
1.005620
0.245207
0.455283
1.125892
0.583299
1.382281
1.612516
1.498344
1.247031
0.941612
1.108243
0.712488
1.393882
1.089623
0.205683
1.202138
1.921783
1.248287
0.803664
1.785196
1.021170
1.289600
0.453942
1.384918
0.466861
1.399411
0.508295
0.582606
1.485534
0.966159
1.078739
1.491154
0.211366
1.534022
1.617047
0.794665
0.916303
1.229563
0.293009
0.163334
1.171175
0.401253
0.875822
1.565057
1.490876
1.081505
0.767195
1.412659
1.329792
1.570859
1.197854
0.350962
0.860459
1.651797
1.735880
1.327320
1.051207
0.244175
0.909926
1.536741
0.210333
0.988666
1.027895
0.421700
1.522688
0.644942
1.216364
1.438990
0.874505
1.509374
0.602324
0.045680
0.910627
1.478146
1.610737
1.401502
0.559651
1.377931
0.814161
0.889443
0.948790
1.012015
1.240405
0.809249
1.663812
0.976284
0.136569
1.715019
1.220459
1.046496
1.251760
1.430792
1.035161
1.279655
0.852492
0.557849
0.924597
1.068856
0.996839
1.799102
0.578230
1.599163
1.844782
0.488857
1.077310
1.455518
0.890359
0.636961
0.833450
0.704519
1.526404
0.782240
1.716534
0.766809
1.591489
1.380346
1.743093
1.728059
1.095365
0.963552
1.774554
1.347125
1.394344
0.809715
1.626780
1.246836
0.367564
1.551377
1.315692
1.364403
1.350479
0.893922
0.963566
1.195261
0.382779
1.040876
0.650779
0.273137
1.677838
0.484228
0.977657
1.204242
1.266468
0.694191
0.971051
0.857958
1.074537
0.714144
0.586016
1.169902
1.677696
0.360571
1.517026
1.072040
1.170286
1.143806
1.318876
0.537850
0.695183
0.634568
1.902253
1.045662
0.528490
0.865819
0.240923
0.911269
1.906696
0.891701
1.184406
1.584533
1.375930
1.162063
0.788775
0.642398
0.856254
1.759826
1.500356
0.930790
1.473970
1.086372
1.100692
1.151666
0.446943
0.617718
1.223707
0.617229
0.761524
1.542583
1.155079
1.456708
0.177151
1.057332
1.502370
0.705641
0.923152
1.743292
1.616910
0.829847
0.634993
0.801316
1.414381
0.010923
0.963378
0.203156
0.653321
0.819632
0.962982
0.153677
0.750422
1.436952
0.240050
0.851114
0.588619
0.686993
1.468833
0.812325
1.304222
1.230357
0.354908
1.459301
0.687065
0.532059
1.516633
1.189434
1.237700
0.439785
0.932727
0.854610
1.269633
1.567720
0.655926
0.684013
1.578643
1.619304
0.887169
1.231964
0.438936
0.850151
1.385642
1.189358
0.287104
1.625691
0.040472
0.875722
0.312684
1.509305
0.688048
0.616906
1.739662
1.042956
1.076207
0.426727
1.575015
0.592841
1.616161
0.812715
1.032626
1.548888
0.667325
1.302259
1.116608
1.323250
0.986272
0.695251
0.942554
0.873441
0.927215
0.381490
0.723593
1.312857
1.570847
1.010696
0.938548
1.611319
0.886419
0.251232
1.120624
1.574466
0.868138
0.860286
0.617422
0.944345
1.287013
0.192437
0.537186
0.903174
1.005152
1.569812
1.452062
1.672476
0.872070
1.568670
0.995727
1.858342
1.263920
0.938281
0.731784
1.191136
1.319770
1.455376
1.503992
0.890618
0.466073
1.442540
1.501937
1.352491
0.693772
0.622561
0.926957
1.561910
1.482847
1.544379
0.506256
1.769860
0.736816
1.043442
0.673034
0.741967
0.613253
1.125096
1.414444
0.485324
1.693766
1.410170
0.343666
0.957686
1.348451
1.075450
1.148822
0.668221
1.530826
0.652814
0.558839
0.996899
1.095354
1.060776
1.349390
0.789127
1.683337
1.276348
0.351037
1.166184
0.820727
0.857293
0.936044
0.557543
0.900734
0.609079
0.299510
0.513988
0.734175
0.713954
0.999311
1.427941
1.124124
1.342977
1.385627
0.472575
1.418427
1.534448
1.140796
0.949253
1.187262
1.699635
0.946152
1.282616
0.760410
1.295543
0.071743
0.443747
0.571890
0.422780
0.609931
1.392617
1.280073
1.545976
0.950160
1.180807
1.155054
0.249670
0.694795
0.889229
0.963623
1.694106
1.317170
0.087747
1.037083
0.702797
0.560322
0.455510
1.237245
0.701118
1.404764
1.424507
0.400752
1.350916
1.707123
1.161163
0.646458
1.778866
1.604910
1.218348
0.201646
1.214841
0.610966
0.481719
0.760817
0.561125
0.662526
0.915872
0.810795
1.357321
1.805101
0.774419
1.051427
1.122271
0.862166
1.088511
0.825068
0.422488
0.544021
1.062312
1.123605
0.948785
1.486819
1.524358
1.299701
1.193942
1.685521
0.946159
0.972808
1.290431
1.164507
1.174454
0.505272
0.775473
0.656174
1.266089
1.336598
1.318700
1.181961
0.147393
0.676021
0.987062
0.921812
0.727449
1.109333
0.783978
0.815960
0.934401
1.206466
1.359981
0.996713
0.330071
1.308766
0.483533
0.854429
1.608466
0.677475
1.539949
0.554625
0.650283
0.830380
0.719132
1.824738
1.335652
0.494605
0.480911
1.601741
0.831203
0.799611
0.783702
0.978597
0.475632
0.770765
0.900409
1.203081
0.880098
0.684387
1.019041
0.814499
0.890852
1.379022
0.811212
1.220923
0.687787
1.294745
1.075352
0.296253
0.972220
0.615301
0.850878
1.622503
0.445681
1.570010
1.447240
1.781333
0.064615
0.928152
1.383074
0.895818
0.727763
0.166776
0.874415
1.203395
0.937541
0.774824
0.406476
0.817639
0.459210
1.425517
0.632138
0.350062
0.804539
1.443350
0.570985
0.492326
0.738095
0.646337
0.788579
1.710314
1.261638
1.639457
1.332817
0.707319
1.209467
0.780057
0.488651
1.274083
1.708209
0.871725
1.169901
0.435972
1.038501
1.044316
0.639367
0.976042
1.819139
1.045843
0.793681
1.278349
0.471360
0.425819
0.628411
1.275899
0.869168
1.199397
0.768224
1.607263
0.845734
1.556803
1.317577
1.107372
1.196261
0.650394
0.814690
1.405728
0.430451
0.303342
0.679811
1.138660
1.175067
0.849711
0.574632
1.213568
0.894027
1.213999
0.189611
0.713166
1.259842
0.983292
0.991515
1.731202
1.409110
0.619927
1.007101
0.278279
0.819324
0.775325
0.885542
1.665057
0.332129
1.203119
0.772429
0.528389
0.853513
1.587120
1.934117
1.283964
0.890461
0.613928
1.422624
1.065528
1.463639
0.997256
0.279097
1.357666
1.211254
0.468707
1.070832
1.471096
1.451999
1.062347
1.202298
0.861109
0.682274
1.209398
1.139388
1.501598
0.984723
1.024929
1.166655
0.316852
0.228048
0.939084
0.845241
1.081561
1.526204
0.779358
1.365524
1.416665
1.393286
0.788149
1.482193
0.856925
0.785404
0.761290
1.214591
0.996659
0.229997
1.285423
0.467755
1.681996
1.347770
0.670052
1.543105
1.030044
0.879451
0.682493
1.531642
0.864174
1.707422
0.698297
1.181026
1.935470
0.637381
1.026266
1.017031
1.163585
1.805624
1.382555
1.580251
1.198910
1.170704
1.062444
1.055835
0.956108
0.823734
0.270425
0.952767
1.053731
0.555848
0.420521
0.735728
0.903618
1.090574
1.278833
0.933662
0.970024
0.961326
0.465304
0.834198
1.668748
1.163602
1.015224
1.604218
0.800983
1.041490
0.621249
0.964568
0.847115
1.003804
0.544819
1.046025
1.174507
1.607263
1.101860
1.130615
0.430997
1.372285
1.083382
0.484729
0.928133
0.503904
1.220456
1.831752
1.594477
0.499289
0.765414
1.564502
0.460615
0.230718
1.398700
1.129363
1.394320
1.413924
0.733581
0.195303
0.455414
1.354830
1.159871
0.302529
0.358634
0.704690
1.348554
1.533141
0.311953
0.450413
0.663757
0.742950
0.822699
1.747139
1.227679
0.750832
1.251043
0.448135
0.582583
0.845520
0.947424
1.347997
0.410022
0.408039
0.578716
0.808722
1.537402
1.973036
0.222645
1.270983
0.168339
0.678059
1.625813
1.328210
0.980588
0.984447
1.032900
0.329142
1.517588
1.344853
0.779555
0.181344
1.087803
1.602254
0.928483
1.315482
0.353086
0.179526
0.763617
0.935669
1.025046
1.711041
1.283667
0.435067
0.119080
0.862382
0.243789
0.656482
0.835418
0.466434
0.927465
1.003757
1.144494
0.553278
1.331967
1.125082
1.537724
1.364868
1.454224
1.055312
1.709721
0.233779
1.236656
1.797524
0.836032
1.165140
1.113007
1.189118
1.344665
0.876623
0.124787
1.369711
1.587664
1.408453
0.804779
1.706744
1.270836
0.048568
0.363225
0.106254
0.515002
1.290690
1.110011
1.659496
1.843967
0.441978
1.784578
1.381692
0.806846
1.238801
0.437004
1.516567
1.472580
0.673660
1.314091
1.308612
1.838800
0.427098
0.497730
1.183465
1.303721
0.622516
1.553177
0.891385
1.030970
1.357955
0.598129
0.301805
1.406523
0.961355
0.408059
0.921525
1.252045
0.518070
1.581021
1.096012
0.960048
1.365598
0.477704
0.766894
0.604400
0.914707
1.283461
1.076979
0.588367
0.597552
1.385591
1.427167
1.024649
0.883321
0.610633
1.328370
1.505837
0.163809
0.219756
1.536807
1.521764
0.817885
0.838612
0.928287
0.779239
0.246671
1.849812
1.031284
0.764741
1.430833
1.127296
1.724790
0.796431
0.605000
1.491684
1.400831
1.519707
0.775145
1.477810
1.108074
1.372697
0.863402
1.535242
0.397346
0.746723
0.145874
0.725717
1.252560
0.309683
0.945472
0.789367
0.831448
0.763357
1.627979
0.759735
0.542597
0.874650
1.609546
0.573881
0.639392
1.040379
0.701176
0.364182
0.836810
1.306176
1.855866
0.237641
0.825883
0.631010
1.715451
0.933958
1.003707
1.578853
0.469199
0.401053
1.325575
0.615074
0.126770
0.578135
0.924757
1.072242
0.367502
1.756205
0.835600
0.995482
1.515939
1.378196
0.870132
1.125485
0.952077
0.509524
1.165864
0.653253
0.873705
1.002674
0.959429
0.729571
1.240315
0.785312
1.360581
0.955766
1.719270
1.364288
0.534618
0.188469
0.765341
0.860194
0.803543
0.892111
0.438329
0.728300
0.964354
0.805831
1.484505
0.799953
0.801313
1.000444
1.178149
0.671445
1.125929
1.130226
1.180968
1.291794
0.783479
1.054674
1.294468
0.742908
0.784244
0.534783
1.528221
1.144825
1.490548
1.247491
1.509114
1.025167
1.435960
1.274455
0.885360
0.239503
1.166567
1.323689
0.967803
1.130920
1.129521
0.452307
0.930874
0.930833
1.452751
1.109023
0.602278
0.578681
1.239249
0.783247
0.870474
1.022728
0.837920
1.164942
0.765637
0.622165
1.699724
1.293857
1.766990
1.190273
0.541348
1.276104
0.215440
0.977308
0.550559
1.100800
1.216810
0.717125
1.424489
1.184613
0.848046
1.554010
0.636921
0.778919
0.484843
1.089672
1.887942
1.087121
0.668353
1.127192
1.870368
1.538827
1.149920
0.708289
0.703768
0.915556
1.330453
1.403493
1.209414
1.097444
0.593766
0.750761
0.373547
0.809205
1.728069
0.924106
0.910005
0.944880
0.641232
1.334494
0.129493
1.489277
0.888504
0.766414
0.268197
1.373347
0.856086
0.156139
0.460469
0.524438
1.283331
0.330837
1.063265
0.433251
1.039126
0.767033
1.348807
1.369579
0.170526
1.558221
0.467023
0.764292
1.308982
0.840570
0.573497
1.037051
0.764677
1.483503
0.981931
1.405908
0.817997
1.111423
0.895186
1.706501
1.877837
1.163383
1.079849
0.733923
1.319522
0.540318
1.258361
0.602853
0.871155
0.321625
1.036103
0.910281
1.088659
1.384910
1.279860
1.259185
0.943131
1.746883
1.023477
1.252113
1.587453
0.596974
1.289164
0.352130
1.080477
1.271094
0.758038
0.898474
0.382518
0.653224
0.604975
0.260355
0.816606
1.684824
0.994277
1.136128
0.225142
1.252638
0.738981
1.096297
1.574263
1.775084
1.006578
0.662922
1.159994
1.286438
0.922107
1.103125
1.033321
1.945584
1.355237
1.620774
0.542558
1.644401
0.972904
0.623034
0.915496
0.730942
1.521508
1.298013
1.384166
1.126484
1.558368
0.200773
0.811308
1.552646
1.336901
1.036450
0.805284
1.075881
1.132747
0.379547
0.850965
1.139325
1.042469
1.010959
1.425763
0.964576
1.114084
0.459084
0.910160
0.469321
1.079858
1.452717
1.113722
1.052762
1.075752
1.029218
0.783705
0.597260
1.327232
0.167871
0.723744
0.885600
0.368643
1.535052
0.438245
0.705544
1.571502
1.243529
0.781425
0.704249
0.623076
0.632391
1.843574
1.665545
1.643350
1.269336
0.630121
1.757433
0.728420
0.540281
1.226755
0.808278
0.992998
1.340477
0.861041
1.068749
0.369695
0.644745
0.666009
1.696926
0.812616
0.389753
0.582526
1.181260
0.924804
1.020772
0.886803
0.496306
1.264301
0.668229
1.200555
0.887377
1.300619
1.044128
0.552922
0.943969
1.313465
1.183043
0.701402
1.041885
1.723323
0.928157
1.850163
0.716321
1.268634
1.711204
0.785071
0.638329
1.355949
1.451080
1.335256
1.168566
1.840833
0.917782
1.349825
0.765637
0.938553
1.236629
1.261943
0.202854
0.904857
1.462498
1.090230
1.205477
1.506626
0.643152
1.149446
0.820090
1.826195
1.850848
0.861975
1.549518
0.779005
0.712138
1.265840
1.047639
0.423342
1.050910
1.685968
0.779292
0.501990
1.021224
0.947857
0.342823
0.939006
0.297682
1.108461
0.877559
0.534311
1.370404
1.080413
1.439168
0.832902
1.170643
1.644645
1.339527
0.813795
0.794091
1.159618
0.639990
1.644939
1.021593
0.189508
1.423944
0.733731
1.455348
1.471583
1.157074
0.506259
1.157552
0.936365
1.008249
1.178775
0.884222
1.351072
1.117781
1.181905
1.459533
0.995340
0.716216
0.829937
1.075753
1.155384
1.662838
1.246396
0.800029
1.002366
1.060192
1.594119
1.161983
0.700182
1.239058
1.183576
0.889690
0.663002
0.917308
1.345038
1.134585
1.074381
0.851297
1.292137
1.010746
0.859546
1.470912
1.894969
1.210618
1.588693
1.076874
0.670151
0.584033
0.793089
1.500088
0.659786
0.948473
1.162926
0.906182
0.748501
1.165292
0.966374
1.342620
1.327275
1.666556
0.581678
0.510852
0.556246
1.244680
0.428159
0.901284
1.379265
0.502540
0.752581
1.671401
1.513287
0.612127
1.142313
1.408255
0.822745
0.731006
0.485129
1.492896
0.315040
1.278218
0.992984
0.974826
1.226691
1.155910
0.881008
0.975192
1.321202
0.847382
0.317812
1.648477
1.513938
0.899490
0.159329
1.070184
0.144170
0.587488
0.971468
0.523435
1.090028
1.724050
1.194836
1.603315
0.336177
1.337149
1.011570
1.158922
1.068155
1.496699
0.651818
1.383195
1.774917
0.644803
1.358020
1.001608
0.800713
1.239029
0.976800
1.121915
1.086411
0.294612
1.770392
0.600349
1.194103
0.929721
1.670533
1.338273
0.517209
0.642001
0.861707
0.607237
1.366050
1.056543
1.210552
0.702227
0.393692
1.222122
0.861149
1.461847
0.718821
0.512967
0.845042
1.493738
1.157770
0.203062
1.495346
1.958483
1.442091
1.472146
1.080398
1.528501
1.766759
0.850790
0.128850
0.960861
0.780511
1.799382
0.299134
1.297720
1.441383
1.160841
1.904957
1.807434
0.217383
1.115509
1.509661
0.611075
1.337631
1.370810
1.072922
1.056452
0.883777
0.917963
0.550190
1.041547
1.121026
1.045536
1.000030
0.563116
1.517682
1.080428
1.091617
1.284441
0.931218
1.220467
0.245302
1.711729
1.019850
0.544436
1.009449
1.461233
1.705276
0.914405
1.268666
1.922660
1.029914
0.778327
0.533735
1.367545
1.149137
0.606657
0.423997
1.032914
1.524620
0.974187
0.074461
0.645646
1.019723
1.074491
1.208762
1.537405
1.154918
1.300379
0.821846
1.086136
1.520847
1.067148
0.797865
0.540696
1.611584
0.807313
1.001929
1.316861
0.721719
0.270596
1.239521
0.751633
1.048923
0.773256
1.119178
1.198060
1.379912
0.543174
0.230973
0.904533
0.517361
0.305434
0.550178
1.537084
1.379925
0.758940
1.074489
0.534843
1.059320
0.896336
1.620979
0.580167
1.963484
0.418844
1.120863
1.575068
1.226158
1.122792
0.891929
1.947876
1.393388
1.131450
0.699509
1.442311
0.904705
0.818687
0.640371
1.284617
0.361861
0.871344
1.189150
0.879222
1.176778
0.739328
0.416306
0.556703
1.498269
1.490795
1.091546
0.557589
0.387131
0.712526
1.137755
0.350615
1.131370
1.258618
1.925684
1.357528
0.381411
0.817613
1.305404
0.774799
0.949062
1.004913
1.217110
1.853767
1.823600
1.857480
1.138385
0.185462
0.728824
1.327535
1.064684
0.905602
1.066863
1.480991
1.462305
1.565132
0.971786
1.553852
1.122721
1.358917
0.266377
1.260476
0.709532
1.397747
0.519095
0.635216
0.755275
0.900505
1.452828
1.060679
0.675304
1.401891
1.065592
0.892414
1.255658
0.889193
1.749894
0.394043
1.074655
0.478718
0.721578
1.139339
1.384320
0.788441
0.620329
0.846626
1.353574
1.592116
1.400477
1.476295
0.951033
0.666854
0.736771
1.660565
1.064602
1.255865
0.295781
0.819876
1.156370
0.748609
1.880555
0.831674
1.150500
0.946147
0.724088
1.406158
0.835340
0.473982
0.800201
0.909994
0.952700
0.521779
1.049333
0.337020
1.310220
0.669662
1.183646
0.663794
1.261778
0.584123
1.140089
1.212811
1.250977
0.876859
0.873376
1.315579
1.132725
1.169156
1.135455
0.289095
0.917766
1.016010
1.120770
0.068265
1.962157
0.844858
0.474423
0.797497
1.318840
1.274624
0.707491
1.271540
0.796403
0.756824
0.608560
1.106624
1.426487
0.792206
1.770418
0.688265
1.376329
0.910506
0.901075
0.627306
0.787366
0.774451
0.942885
0.920090
0.943607
1.078340
1.209186
0.861373
1.094350
1.329955
0.929638
1.056508
1.174813
1.404062
0.854004
0.493652
0.678686
1.561496
0.765192
1.475089
1.318320
0.373752
0.581713
0.744806
1.165958
0.352131
1.433071
1.542286
1.262637
0.334146
0.169592
1.050003
1.108597
1.112477
0.970093
1.052204
1.190818
0.179279
0.913577
1.285168
1.509234
1.843215
0.341675
0.684047
1.247277
1.195680
1.177699
0.925963
1.757175
0.942891
1.401052
1.075495
0.316643
0.982765
0.820301
0.482601
0.334896
1.253372
1.024887
0.597533
1.587518
1.194479
0.647536
0.696115
1.306957
0.617629
1.748319
1.497774
0.796908
0.661896
0.782942
0.306142
0.505111
1.124618
0.990189
1.752387
1.320297
0.167888
1.678350
1.077473
1.110780
1.079402
0.152968
0.427423
1.062167
0.973269
0.910024
1.397063
0.226641
0.934911
0.994596
1.814159
1.129390
0.642132
0.510274
1.436347
1.259761
1.258593
0.934122
1.056669
0.920489
0.717064
0.362811
1.425599
0.841682
1.353000
1.177986
0.161979
1.520888
0.856336
1.239452
1.631668
0.935738
1.392420
1.059091
0.997905
1.365689
0.969115
0.394968
0.592330
0.904026
0.389564
0.406489
1.033416
1.031696
0.916764
0.469764
0.291458
1.175357
1.403885
0.348126
1.095845
1.120949
0.710937
1.521445
0.962631
0.063937
0.699431
1.124610
1.584825
1.555767
0.364062
1.216493
0.491504
1.756482
1.275584
1.489409
1.122171
1.244699
0.884377
0.714501
1.148725
1.273941
0.120990
1.182141
1.305638
1.037754
0.651905
1.597095
0.213111
1.055790
1.945222
1.308956
1.176739
0.656159
0.830401
0.139370
0.720096
1.529832
1.263980
0.304921
1.085598
0.628042
1.521414
1.577103
0.384524
0.796998
1.066512
0.506695
1.041697
0.950889
1.221196
0.190421
1.224830
1.342187
1.372562
1.530468
1.379941
1.024467
1.127563
0.593052
0.080257
1.072785
0.902008
1.256996
1.728944
0.732408
1.396367
0.449040
1.262240
0.660347
0.753961
1.347838
1.288389
0.275375
0.924941
1.672914
1.072373
0.991453
0.179609
1.114069
0.942343
0.400806
1.304491
0.167173
1.742992
0.677053
1.697641
1.122933
0.701520
0.825204
0.715985
0.781778
0.897989
0.617992
1.038774
0.626933
1.350401
0.435140
1.075972
0.612641
1.095487
0.829933
0.960479
0.383877
1.105307
0.885420
1.056791
0.177680
0.876874
1.236400
1.291749
0.819216
1.637206
1.596240
0.986389
1.380198
0.273294
0.684030
0.503132
0.974814
1.509234
1.219116
1.756591
0.407223
1.837109
0.795365
0.034156
1.187510
1.230506
1.110128
1.800151
1.325993
0.940061
1.760630
1.709870
1.045368
0.646050
0.766661
1.223048
0.522924
1.003061
0.514797
1.342140
0.640267
0.111037
1.328530
1.020465
0.384331
1.012560
1.523597
1.359145
1.521794
0.742713
1.115736
0.929017
0.579822
0.911102
0.963173
0.767332
1.141608
1.073300
1.567483
1.467601
1.013361
1.328112
1.177471
1.058729
0.974162
0.944132
0.281777
0.497086
0.947193
0.796574
0.839227
1.587460
0.907612
1.167756
0.607926
1.291943
1.180316
1.131523
0.651088
0.702110
0.874236
0.766824
0.631127
1.454058
1.677926
0.594300
0.221390
0.819533
1.667600
0.788872
1.287134
0.680961
1.116985
0.464605
0.739690
1.091147
1.408738
1.021467
1.588233
1.355931
0.818041
0.427460
0.943392
1.725653
0.595216
0.551317
1.017596
1.775532
0.682840
0.668684
1.477642
0.557076
1.435508
1.108768
1.011134
1.113434
0.703068
0.232524
0.932967
0.370668
1.021396
0.220101
1.051629
1.138381
0.684707
0.791319
1.229528
1.093444
0.812786
0.817761
1.449375
0.630827
1.245221
1.392767
0.356480
0.840437
0.944084
1.374076
1.615969
0.626924
1.042760
1.093610
1.184000
1.478267
1.202379
1.195133
1.591701
0.905447
1.427657
0.524668
1.276115
1.449053
0.744769
1.327744
1.587433
1.429476
1.119062
0.816961
1.522920
0.931848
1.634722
0.972296
1.562675
0.879943
0.365063
1.919155
0.720380
1.309147
1.293231
0.336348
0.936071
1.335991
1.429959
1.120071
0.814258
1.632337
1.315204
0.405959
0.537784
0.742861
0.930628
0.813899
0.191914
0.675397
0.141642
0.779347
1.104873
1.260705
0.596308
0.627793
1.192553
1.231030
1.600089
1.755229
1.110973
0.965151
1.674384
0.831353
1.274298
0.967616
1.167701
1.210369
1.303607
0.597660
0.330440
1.117865
0.229997
1.645644
1.523825
0.767781
0.388505
0.454452
0.581680
0.580418
1.129849
0.723322
0.359766
0.234722
0.984027
0.956074
0.862515
1.176580
1.187104
1.462604
0.931809
1.298077
1.427755
0.606193
0.129430
0.702053
1.573808
1.297131
0.912422
0.877415
1.894791
0.242861
0.995280
0.124788
0.888505
1.519105
0.892569
0.277010
0.973557
1.474248
0.857428
1.103406
1.197570
1.217194
1.338127
1.181597
1.173268
1.200642
0.358178
0.360372
1.663246
0.289987
0.658450
1.091001
0.896179
0.787880
1.793054
0.469988
1.085011
0.705476
0.347403
0.979802
0.948337
0.342683
1.104589
0.836842
0.861788
0.997158
1.113852
0.835344
1.471406
0.971280
0.938750
0.668976
1.188473
0.276877
0.850574
1.361741
1.477519
1.208752
0.722113
1.140765
1.498738
0.380563
1.231766
1.394917
1.168443
1.024820
1.864905
1.253454
0.730296
1.212308
1.233255
0.678633
0.554991
1.337845
1.515475
1.416779
1.335002
0.629327
0.252123
0.806408
0.600607
1.190873
0.475385
1.789080
0.467750
1.325959
1.150821
0.945270
0.534710
0.872934
1.086035
1.033448
1.253497
0.317801
1.428366
1.421940
0.342621
1.293271
0.675393
1.072917
1.505579
1.908649
1.751550
0.060570
1.246493
1.267025
1.477349
1.581495
0.896352
0.729472
0.387904
1.496958
0.920345
0.863289
1.286038
0.388095
1.189247
0.436860
1.333365
0.723957
1.309794
0.419400
0.757405
1.563291
0.737201
1.185771
0.985231
1.079822
0.479042
0.660625
1.152738
0.984621
0.569273
0.904288
1.045191
1.815766
1.171313
1.522540
1.397262
1.067665
1.252012
1.785165
0.564623
0.172357
0.648454
1.850662
0.560452
0.837701
0.287521
0.893817
0.561658
1.597315
1.313216
1.319064
1.160607
1.050417
0.504834
1.145838
0.130238
0.983876
0.806463
0.282977
0.968497
1.375736
1.187265
1.013688
1.191502
1.358578
1.536227
0.588764
1.426243
0.788239
0.373929
0.990866
0.960596
1.022383
1.841527
1.521047
0.860084
1.129048
0.414864
0.421742
1.726364
0.728080
1.740806
0.886971
1.778497
0.245640
1.032809
1.908735
1.229516
0.839271
1.191712
1.198013
0.215007
1.378977
1.211701
1.406509
0.737555
0.747928
0.995273
1.163797
1.536167
0.369202
1.154663
0.496763
1.391585
0.996190
1.017810
1.251669
1.125239
1.432674
1.673411
0.851602
1.160754
1.414217
0.738573
0.939251
0.659857
1.771382
0.847986
0.889373
0.610653
1.039699
1.087386
0.825660
1.418676
1.299087
1.232169
1.156230
1.047015
1.227442
1.320028
0.583182
1.596643
0.474691
1.079945
0.988228
0.470881
1.097755
1.239897
1.596119
1.530429
0.913308
1.447722
1.691183
0.327525
1.186295
0.630435
0.987382
0.957676
0.478421
0.876755
0.568329
0.518120
0.964141
1.393989
0.936795
1.263229
0.626158
1.093026
0.310244
0.853600
1.413053
0.893426
1.450243
0.887744
0.973371
1.438471
1.358625
1.071126
0.678368
0.954744
1.601556
0.591676
0.402466
1.292739
0.919201
1.588761
1.923174
0.906582
0.546437
0.401595
0.783337
1.114767
0.919714
0.747479
0.508756
0.856509
1.010707
1.134914
0.949535
0.320951
0.988514
0.362588
1.214377
1.438757
1.250332
1.187749
0.877229
0.608957
0.258875
0.555597
0.563702
0.860430
1.147273
0.966168
1.153169
1.066474
0.554929
1.076343
0.973057
1.101366
1.477938
0.756394
1.216133
1.397652
1.503872
0.724889
1.254161
1.514580
0.859803
1.203695
1.835531
0.848317
0.566283
1.049908
1.287074
0.816615
1.237657
1.164303
1.425572
0.496532
0.719900
0.989274
1.356962
0.867173
0.955442
0.510132
0.933647
0.510370
0.586475
0.906704
1.611737
1.064412
0.663098
0.827870
1.462064
1.166970
1.552759
0.716225
1.681550
0.412562
0.919920
1.517081
1.260879
1.486203
0.566989
0.547953
0.302819
0.804646
0.712256
0.728391
1.301178
1.432156
0.717665
0.658140
1.299330
0.673107
1.168271
1.232977
1.183477
0.754746
1.139681
0.795214
0.819158
0.802778
1.623084
1.281222
0.969748
1.175842
1.997447
0.651298
0.588404
0.917367
0.168379
1.849283
0.403570
0.735368
0.397236
0.706389
1.540013
1.109492
1.434780
0.841191
1.541649
0.152445
1.499331
0.840978
0.825552
0.667602
0.073955
1.009029
1.422348
1.213636
0.804243
0.241507
1.016414
1.427326
0.522729
0.986163
0.603169
0.520176
0.637461
1.191572
1.437543
0.805839
1.040855
0.841113
1.541207
1.438091
1.547502
1.081220
0.547583
0.982281
0.922411
1.089232
1.134726
1.421742
0.930211
0.960278
1.089344
1.004166
0.969307
1.511692
1.217802
0.773550
1.753199
1.234216
0.200876
0.275928
1.220379
0.804045
0.796104
1.857839
0.995617
1.233647
0.663679
1.036472
1.074760
1.204886
1.474563
0.622262
1.286106
1.022147
1.604543
1.208517
1.111379
0.739269
0.630259
1.041589
1.699547
0.719603
1.045755
0.668854
0.231296
0.263557
1.442404
0.984495
1.497774
0.643280
0.260423
0.718152
1.447325
1.056528
0.575991
0.442942
0.290175
1.239670
1.479414
0.364935
0.444556
0.953977
0.987196
0.730662
0.976124
0.591739
0.939179
1.087503
1.331008
1.569438
0.129092
1.030555
1.289041
1.174848
0.699409
0.520337
0.438405
0.141813
0.504832
1.936179
0.785092
0.765255
0.654331
1.232417
0.821783
1.230322
0.675359
1.111958
1.469992
1.154773
1.476893
0.914548
1.108751
0.464089
1.645210
1.084875
1.055828
0.584389
1.172378
1.386837
1.153827
1.301470
0.417392
1.442868
1.476318
1.116801
0.963205
0.914724
0.258613
0.468037
0.850903
1.043706
1.233293
0.505234
0.276123
1.055076
1.735556
0.951482
1.167034
1.205549
1.106256
0.643926
1.120097
1.215006
0.108016
1.765306
1.299881
1.163844
0.349695
1.472259
0.550681
0.503522
0.773730
0.968073
0.946390
0.250048
1.084874
1.909595
1.164772
1.343487
0.377632
1.015674
0.387193
0.610925
1.520908
0.663316
0.666001
1.256464
1.614798
0.833035
1.462013
0.721054
1.476961
1.582109
0.936060
1.584977
1.347416
1.235942
0.748821
1.697110
0.708201
1.299502
1.200632
1.481931
1.267575
0.147022
0.731979
1.352448
1.056617
0.896751
1.695935
0.434249
0.912425
1.083128
1.045175
1.433333
0.746445
1.711176
0.689797
0.361243
1.544210
1.151810
1.082297
1.021172
1.733919
1.018357
0.606149
1.081335
1.254298
1.354970
0.778445
0.962499
1.654472
0.979077
1.444430
0.922046
1.126099
1.176409
0.274494
1.182716
1.073159
0.970430
0.616965
0.985585
1.053558
1.662140
1.418918
0.800003
1.373316
1.108715
1.161246
0.917526
1.260525
1.243542
0.938698
0.994444
0.261899
0.544847
0.075779
0.516197
0.899816
0.854224
0.478696
1.554288
0.833301
0.923126
0.476334
1.959400
1.099535
0.750828
1.142116
1.172694
1.721258
0.759081
1.158279
0.774817
0.421221
0.577197
1.574820
1.794537
0.685912
1.736065
0.712063
1.946437
0.979607
0.650761
0.940881
1.241506
1.195608
1.016659
0.757703
0.095424
0.870883
1.236399
0.649712
0.704184
1.159525
0.126046
0.663584
1.259060
0.876874
0.805700
1.431754
0.598133
0.564781
0.590033
0.372949
0.986002
1.167230
0.947769
0.780539
1.853142
1.683834
1.492603
1.799578
0.663441
1.143364
0.740459
0.904948
0.338972
1.757119
0.662651
0.434396
1.628002
0.899050
1.084108
0.332186
1.058576
1.210153
0.995769
1.317636
1.087028
0.801469
1.749390
0.685160
1.366250
0.339423
1.058109
0.352252
1.506653
1.005878
1.132791
1.359794
0.689712
1.625394
1.159373
1.353154
0.768757
0.899832
1.258101
1.107729
0.656951
0.920752
0.542125
0.284953
0.819803
0.626233
0.617138
1.878379
1.836386
0.612908
1.196015
0.923414
1.414377
0.945405
1.608574
0.780626
0.284828
0.666683
1.132878
0.791481
0.672562
1.265669
1.151275
1.362274
0.891063
1.310648
0.715428
0.659820
1.210480
1.973529
0.767549
0.867431
0.894281
0.309674
1.152383
0.714084
0.935907
0.769521
0.592463
0.772293
1.382429
0.788477
1.695706
0.796806
1.733882
1.304280
0.577432
1.018710
0.970964
0.710310
0.810191
1.643525
0.975979
1.961466
1.005799
0.867042
1.272114
1.721226
0.526862
0.482594
1.694755
1.294411
0.350025
1.589037
1.604085
1.502408
0.303121
1.539992
1.271929
0.895583
0.312284
0.654359
0.684060
1.007990
1.451164
1.417942
1.312271
0.028596
1.436652
0.283234
0.738906
0.246843
0.926759
1.714885
0.208309
0.932558
1.581927
1.480423
0.653785
1.108789
0.963017
0.348540
1.403200
1.313042
0.937577
1.007285
0.815450
1.240697
0.547276
1.087379
1.136280
0.859560
0.741738
0.820341
0.867551
1.192902
1.238283
0.179821
1.221498
0.674935
0.463055
0.960404
0.921778
1.389815
1.675289
1.130087
0.322373
1.257216
1.610510
0.976158
0.366004
1.573527
1.324698
0.769204
0.886569
1.262274
0.776488
0.702019
0.502972
0.323765
1.789398
1.639252
1.183325
0.531136
0.459593
1.050875
0.724038
0.697876
1.230697
0.945536
1.372811
1.693752
0.905940
1.294589
1.083567
0.581229
0.424676
1.405940
1.838445
1.035186
0.382098
1.204450
0.608713
1.706796
0.973654
0.495282
0.969070
0.750142
1.197300
1.472042
1.073907
0.986698
1.111294
1.257231
0.517834
0.570886
0.308107
1.241872
1.268762
1.538804
1.187408
0.641572
1.232556
1.093349
0.936161
1.316123
0.674578
0.360837
0.722063
0.513023
0.396022
1.104161
0.717473
1.004735
0.810956
1.691127
1.500016
0.780026
1.441269
0.697317
1.252068
0.515176
0.684015
1.363362
1.772407
1.201850
0.934248
1.080514
0.443722
0.203009
1.619317
1.631131
0.844582
0.851873
0.724479
0.780743
1.167996
1.399057
0.141579
1.890059
0.912080
0.537601
0.994220
1.629553
0.542336
0.805176
1.320680
0.042353
1.585202
0.761949
0.739670
0.837270
1.277124
0.423685
1.200632
1.049531
0.625535
1.134880
1.130045
1.069257
1.337889
0.749363
0.700387
0.182471
0.601236
1.424867
0.963213
0.769232
0.823924
1.104793
0.659291
0.736004
0.642394
0.653510
1.365558
1.184730
1.458686
0.686238
1.227083
1.043889
0.448186
0.966753
0.881159
0.725311
1.390438
1.081791
1.774842
1.015972
0.216671
0.904887
1.085229
1.554559
0.654250
0.785617
1.737030
1.255485
1.210483
0.700243
1.024717
1.034407
0.805036
0.684008
0.770411
1.447430
0.337518
0.135969
1.632160
0.796204
0.822206
0.859243
0.840093
0.270393
0.825996
0.721252
0.995703
1.216434
0.803043
0.770545
1.232406
1.019713
1.675432
1.317635
1.574273
0.329682
1.103252
1.311303
1.585167
1.313735
1.011546
0.609884
1.348142
0.816582
1.293892
1.118553
1.264012
0.631410
1.254522
0.896172
1.427615
1.076728
1.755416
1.267708
1.347121
0.581412
0.988959
1.342824
0.797846
0.792002
1.113369
1.030252
0.811715
0.788801
1.347888
1.385988
1.118483
1.451140
0.697290
0.703650
0.764875
0.708836
1.313535
1.113017
1.525418
1.607427
1.231570
1.789430
1.238837
1.486092
0.685602
0.666452
0.562820
0.441018
0.934159
1.909940
1.022430
0.923119
1.252764
0.820276
0.715121
1.366134
0.850528
1.526836
1.154935
1.198416
0.912823
1.273418
1.649555
1.610114
0.977068
0.414430
1.318950
1.290603
0.527446
0.844368
0.898029
0.759016
0.633798
1.136867
1.245108
1.319401
1.803318
0.807928
0.760419
0.737478
0.717868
0.782848
1.660596
0.970633
0.603124
0.375717
0.336766
0.453652
0.902553
1.491701
0.652067
0.815376
0.765119
0.301623
0.425490
1.742187
0.716052
0.744440
1.032790
1.243499
1.588808
0.930819
1.002515
0.222606
1.067686
0.247623
1.542007
0.871004
1.055550
1.302426
1.608482
0.773418
1.085274
1.269078
0.744051
1.688398
0.644795
1.080817
1.142050
0.547348
0.572518
0.794117
1.362724
1.337637
1.095740
0.788214
1.079824
0.811792
1.532654
1.112614
1.055291
1.121462
1.043433
1.057806
1.344068
1.111118
1.305429
0.886075
0.982122
1.360979
1.188501
1.590604
1.134398
0.273775
0.859683
0.878449
0.962173
1.504478
0.959266
1.104223
0.051826
1.531784
0.898340
0.414550
0.869421
0.994080
1.202764
0.949245
1.805872
0.735418
1.061859
0.861163
0.856880
1.105292
0.918969
1.200948
1.216411
1.224398
1.087023
1.198533
0.585377
1.275524
1.789137
0.719775
1.549299
0.648820
1.598224
1.511472
1.153298
0.557490
1.615695
1.205124
1.089274
1.514035
0.619675
0.958695
0.508114
0.822439
0.907941
1.313986
1.557857
0.969800
1.175149
0.414736
1.075092
1.094118
0.615684
0.291502
0.318516
0.702707
0.490035
0.903893
0.978231
0.279173
0.623668
1.527530
0.927993
0.221891
1.039002
0.081291
0.779381
0.654696
1.286415
0.868654
1.168731
0.906089
0.827350
1.676845
0.728528
0.735290
0.990832
1.286385
0.705090
1.165981
0.701121
1.780182
0.260099
1.316806
1.071684
0.578615
1.019513
0.561719
1.482508
0.997744
0.840892
0.106175
1.525274
0.768885
0.328067
0.564276
0.850175
1.107447
1.218972
1.136590
0.976102
1.387703
1.042680
0.803451
1.064549
0.771208
0.538741
1.055380
1.057593
1.243831
0.221361
1.758715
1.024013
0.481460
1.075520
1.095697
1.060074
1.095033
0.657417
0.542582
1.092777
0.498309
0.648757
1.618051
1.267194
0.976824
1.182327
1.117369
1.084271
0.401299
1.253959
1.060373
0.789002
0.296639
0.863824
0.853551
1.067847
1.402566
0.908931
1.125440
1.646397
1.130292
0.884154
0.670410
0.611752
0.959675
0.766108
1.671826
0.054708
1.423524
1.214408
1.147484
0.921833
1.863165
0.765535
1.189027
0.839989
0.947862
0.306396
0.924260
1.349161
1.560355
0.984633
0.138163
0.856994
0.848458
0.991714
0.924840
1.251024
0.900645
1.050280
0.897421
1.030937
0.934435
1.567831
0.642689
0.894109
1.333939
0.314514
0.948817
0.757463
1.528922
1.096301
0.679297
1.392088
0.861836
0.868323
1.232077
1.809698
1.174719
1.156337
1.158859
0.735074
1.140970
1.297023
0.592068
0.989428
1.288737
0.516908
0.240452
1.189382
1.567188
1.137873
1.220319
1.501623
0.705704
0.863008
1.395732
1.039643
1.177522
1.344549
1.797106
0.706445
0.440850
0.476403
0.098532
1.302687
1.344726
1.330609
1.112385
0.519445
1.486946
0.271244
1.254519
0.627916
1.568267
0.846587
0.617344
0.857004
1.363495
0.857796
1.046386
0.930683
0.995669
1.266705
0.432306
1.701373
1.129713
0.828038
0.741016
1.307235
0.172587
0.538122
1.013680
0.613437
1.014525
1.112212
0.916123
1.359251
0.442821
1.028508
0.878696
0.929767
1.299752
1.133215
1.557683
0.868019
0.979802
1.175027
0.725023
0.343297
1.032823
0.771408
1.273980
1.028492
1.038113
0.706286
0.729865
0.167826
0.534323
1.470880
1.475061
0.706910
1.009002
0.488740
1.320347
1.023527
0.600952
1.236471
1.382778
1.043773
1.264979
1.261474
0.973540
0.564731
1.394689
1.531222
1.432751
0.374491
0.706250
1.157773
0.717788
0.739073
0.929182
0.991767
0.767565
0.967295
0.698053
1.497430
1.135121
1.232376
0.968310
0.610182
0.939287
1.977312
1.098922
0.259634
1.000839
0.699874
0.496105
0.383616
1.743647
0.761084
1.645090
0.717187
1.325815
1.039778
1.248409
0.758566
1.414269
0.954659
1.916339
1.132057
0.693732
0.845521
1.123824
1.461297
0.812816
0.821877
0.958726
0.947937
1.054254
0.927036
1.558119
0.993541
0.904348
0.657041
0.253175
0.905187
1.356915
0.749279
0.288803
1.100562
1.510363
0.933893
1.817748
1.836178
0.973671
1.066158
1.594744
0.387940
1.020816
1.511083
0.519997
0.714548
1.356605
0.643822
1.175845
1.169421
0.465699
1.134571
1.117358
0.519953
1.061607
0.675477
0.513493
0.965954
1.332517
0.766668
0.871141
0.689432
1.515947
1.159944
0.789994
1.026310
1.093836
0.607743
0.862488
1.067508
0.673900
0.457233
1.455448
1.694716
1.968316
0.975445
0.409265
1.324921
0.619267
1.585109
0.494341
1.084966
0.719680
1.611699
1.604919
0.781286
1.287176
1.118412
1.747241
0.619694
0.885080
0.618382
1.309126
0.401028
1.778326
0.099120
0.427338
0.872162
0.706863
1.289826
1.939670
0.380763
0.747059
1.395117
1.075479
0.715375
1.370563
0.484744
1.040295
0.989830
1.069853
0.534637
1.074796
0.789533
0.146336
0.679714
1.570819
1.433512
0.798127
1.318060
1.053206
1.683207
1.936441
1.362332
1.084235
1.714767
1.461452
0.511573
0.586929
0.168315
0.801399
0.526598
0.549077
0.548457
0.921716
1.624556
1.263832
1.292278
1.109300
1.304128
0.282108
1.179153
0.838764
1.356904
0.968686
0.985101
1.036618
1.539504
0.418613
0.834745
0.857564
0.471819
0.517952
0.794005
0.834151
0.602187
0.508772
0.295603
1.113759
1.095701
0.463917
0.915158
0.622299
1.012995
0.463615
0.544015
0.637551
0.727447
1.836293
0.746851
1.031575
1.118401
0.926004
0.870339
1.475305
0.894690
1.855440
0.511923
0.434194
0.274053
1.346668
1.291758
0.745872
0.864619
1.085764
1.580023
1.466806
0.594536
1.875626
1.580565
0.690236
0.339543
1.495723
1.312536
1.352538
0.959338
0.856550
0.990089
0.686786
0.692844
0.736941
1.718361
0.811245
0.662945
0.588700
1.286550
0.557635
1.444140
0.798473
0.991830
1.718193
1.145140
1.283588
0.464064
1.009760
1.369352
1.044087
0.476566
0.963887
0.919713
1.057131
0.654124
1.259256
1.552854
0.966659
0.611794
1.512192
0.823210
0.601883
1.198978
0.516053
0.338823
0.917339
1.327298
1.001768
1.506039
0.613848
0.559404
0.950179
0.412321
0.551233
0.668371
1.557461
0.834821
1.132435
0.567221
1.204173
1.176522
1.043787
0.168060
0.096235
1.100917
0.822184
1.355491
0.653771
1.788843
0.967284
1.165963
0.612053
1.569167
1.364941
1.128106
0.907991
1.282280
0.455405
0.909759
0.788319
1.069253
0.469163
0.738497
1.481574
1.020396
1.406868
1.039035
0.855217
0.539304
0.606256
1.059390
1.715826
1.650042
1.227450
1.812061
0.750960
1.049634
1.167552
1.404731
0.838477
1.134837
0.570695
1.450529
0.704004
0.935636
0.578636
1.611994
1.217916
1.034040
1.521754
1.006235
1.103293
0.990916
0.744732
1.584867
1.011312
1.151600
1.623902
0.866529
0.690904
1.230158
0.925919
0.406730
0.880200
1.153368
0.218792
1.631160
1.203002
0.386344
1.035891
1.041479
0.521180
0.606586
0.492008
1.225184
1.542221
1.070644
0.837178
0.760137
1.104684
1.358932
0.766372
1.207977
0.349848
0.511104
0.792844
0.361160
0.662705
0.416745
1.227689
1.353609
1.646903
1.153607
0.760339
0.527103
1.306976
0.979131
1.158263
0.509978
0.365475
1.194154
1.551457
0.886655
0.800739
1.043465
1.111839
1.342961
1.114109
0.949017
1.103098
0.218793
0.307949
0.869470
1.426770
0.657797
1.380575
1.219613
1.018957
1.043279
0.636359
1.246646
0.396888
0.283262
1.400254
1.157227
0.810365
0.707230
1.136358
0.968628
0.217208
1.501833
1.162781
1.768664
1.388488
0.963521
0.812129
1.500326
1.306481
0.926238
1.449343
1.409580
0.145031
0.757293
0.279050
0.571800
1.415090
1.659625
0.791414
0.434047
0.702904
1.427773
1.680693
1.099792
0.711035
1.080947
1.257020
0.521399
0.788176
1.393378
0.490027
1.005384
0.895211
0.652808
0.774048
0.283698
1.616329
0.586177
0.784025
0.922810
0.512415
1.233368
1.332390
0.657446
1.990661
0.611440
1.229247
1.405750
1.271064
1.020660
0.839797
0.973968
1.448433
0.520491
1.073760
1.159467
0.601437
1.330780
1.680867
0.389614
0.724158
1.170894
1.394998
1.619368
0.823702
1.169046
0.903067
0.440031
0.755223
0.687091
1.362841
1.267639
0.920460
1.695231
0.925085
0.911120
1.306671
1.154332
1.316871
0.577735
0.174992
1.156668
0.551704
0.623425
1.677159
0.625464
0.782892
1.278596
0.956244
0.463759
0.668210
0.680401
0.634653
1.063208
1.299770
0.458355
1.232254
1.202836
0.898386
0.987477
0.889928
0.261228
1.255116
0.810387
0.956459
1.180201
0.721508
1.263130
1.334532
1.038379
0.840866
1.509524
1.195047
1.392569
1.132949
0.872206
1.018033
0.915841
1.150802
0.974277
1.379600
0.819012
1.654678
1.014253
0.882220
0.954448
1.472609
1.114473
1.157284
0.370995
1.101950
1.047212
0.632223
1.357066
0.857600
0.588682
0.537266
0.579107
1.851813
0.871799
0.617486
0.692678
1.381323
0.812533
1.085248
0.514271
1.684738
1.103281
0.430113
1.835540
1.077558
0.809713
0.654552
0.732236
0.823966
1.536772
0.686684
1.296575
0.651245
1.843968
1.667570
1.753195
1.891180
0.299793
1.110261
0.748780
0.888476
0.647527
1.327887
0.740289
0.519326
0.945373
0.432967
0.900648
0.757906
0.518215
1.414920
1.442644
1.621496
0.845032
1.278185
1.699053
1.654745
0.932737
1.431289
0.478712
0.469508
1.117973
1.775287
1.120753
1.961941
1.442857
1.873948
1.853121
0.742651
0.984209
0.601901
0.631127
1.631736
0.929788
1.371415
1.151061
0.875161
0.804382
1.051710
1.633067
1.322597
1.466629
1.075711
0.944093
0.311661
1.353896
0.643146
0.966407
1.286632
1.074435
1.445118
1.756141
0.192408
1.220405
0.876894
0.154349
1.663262
0.750842
1.007470
0.405913
0.735051
0.609371
1.037040
1.366787
0.539158
1.408455
1.517848
1.414319
1.212837
1.569558
1.047386
0.535434
1.036187
1.123097
1.479527
1.347848
0.476992
1.122673
1.314255
0.763625
1.197108
0.759373
0.519765
1.389516
0.979779
0.396659
1.543865
0.643041
1.147501
1.551335
1.048954
1.882552
0.160705
1.085994
1.249339
0.699863
0.494449
0.767187
1.114182
0.707286
1.336744
1.161568
1.242721
1.372931
1.284665
0.722247
0.720780
0.761657
0.844920
1.035035
1.525282
1.042028
0.794408
1.045048
1.431544
1.774187
0.441707
0.975409
1.417228
0.589208
0.526743
0.466182
0.471761
0.687449
1.552176
1.721099
1.387312
1.046625
1.488286
1.501494
0.753911
1.825030
1.663063
0.996632
1.197961
0.947728
1.718879
0.918741
1.709385
1.563799
0.953775
1.234667
1.605827
1.748183
1.279715
1.037371
1.522370
0.721422
1.012780
0.939597
1.310631
1.539523
1.405779
0.782391
0.226972
0.957955
0.503490
1.614284
1.004580
0.991776
1.115778
0.758491
1.816806
0.778841
1.755123
1.014767
1.726568
1.474002
0.933507
1.435953
1.037801
1.887282
0.670621
0.643629
1.635465
0.950336
0.681000
1.157835
0.671758
0.693780
1.097432
0.982389
1.233304
0.503212
0.764780
1.460276
1.461167
1.268270
1.074559
0.465747
1.260046
0.190338
1.224238
1.076852
0.969178
0.979361
1.091619
1.695747
0.453363
1.025126
1.131700
0.491164
1.912409
1.802320
1.134793
1.547874
1.752656
0.815793
0.705709
1.424414
0.509573
0.803141
0.406803
0.742876
1.306353
1.171582
0.203152
0.767520
0.439853
1.277711
1.233266
0.699899
1.468049
0.457504
0.776751
0.437227
1.436864
0.868370
0.132974
0.890227
0.893496
1.264674
0.381391
0.805904
1.066994
1.516183
0.353778
0.819650
1.331976
1.059488
1.244064
0.841549
0.862629
0.650866
0.584425
1.168982
0.822449
0.787577
0.936502
1.262302
1.065288
1.169768
0.962200
0.533337
1.627271
1.738951
0.970564
1.064136
0.607321
1.103538
0.954363
1.500817
1.368211
1.335753
1.306721
0.435205
0.851937
1.660499
1.254855
1.183913
0.719987
0.498919
1.025461
1.582616
1.149785
1.609886
0.751598
0.972234
0.397463
0.688100
0.234536
0.462751
0.857867
1.196736
0.996088
1.485139
0.935687
0.966652
0.549274
1.543008
1.070189
0.503637
1.043824
1.438401
0.839391
0.350545
0.873606
1.691327
1.011045
1.128461
0.875240
0.731032
0.627380
0.900701
1.313648
1.777165
0.510587
1.065246
0.749400
0.908050
0.753345
0.983936
1.370801
0.611213
1.180672
0.366889
1.096351
1.116359
0.333540
1.645626
0.659367
0.403730
0.149263
0.703192
0.842131
0.988653
1.053737
0.715736
1.679981
1.064782
0.844197
0.555221
0.795813
1.471577
1.455922
1.109461
1.248743
0.966509
1.174707
0.998143
1.874559
0.928053
0.982078
1.245360
0.539265
0.162750
1.612249
0.635617
1.279109
0.945789
0.281242
0.938476
0.349519
0.430505
0.641668
1.191650
0.419159
0.695405
0.907386
1.099140
0.760186
1.751583
0.654360
0.556000
1.223161
1.110282
0.665461
1.471904
1.076791
0.840168
1.470046
0.951350
0.768221
1.452124
0.196710
1.307486
0.614875
1.808959
0.943102
0.893984
1.754748
1.224345
0.832460
0.104267
1.654850
0.474128
1.295916
1.074009
1.169533
0.203302
1.173149
0.929719
1.954886
0.827509
0.485719
1.178047
0.937791
1.151180
0.649950
1.014581
0.991348
1.119996
0.965931
0.759569
0.572121
1.162641
1.067055
1.186995
0.971600
1.010157
1.080979
0.726348
1.234502
0.913439
0.830614
0.889352
1.387567
1.126531
0.963361
1.557100
1.329833
1.136510
0.486819
1.284719
1.964018
0.972538
0.462765
0.901809
1.123718
1.112715
0.916390
1.115066
1.232711
0.882322
0.874635
0.804832
1.044963
1.941689
0.991827
1.016563
0.951846
1.072806
0.742910
1.186348
0.986246
0.573525
1.075700
1.373813
0.700055
1.039061
0.930913
1.029888
1.175571
1.417732
1.314607
1.139590
0.390270
1.777372
1.041399
1.513988
0.890087
0.957789
0.629054
1.122798
0.840110
1.503689
0.927630
0.885073
1.445378
0.919458
0.901636
0.397225
0.992264
1.644546
1.583573
0.978510
1.218071
1.659273
1.352322
0.918126
0.698335
1.283235
0.948014
0.873906
0.700967
0.262621
1.013495
1.091237
1.039992
1.054894
1.605225
0.930079
1.012683
0.234279
1.052878
0.852793
0.737968
0.980508
1.737866
0.183346
0.899966
1.639503
0.580571
0.892230
1.284049
1.164144
0.870740
1.502120
0.823417
0.223062
0.420247
1.521752
1.506297
1.368261
0.395657
1.207264
1.630882
0.409153
1.298501
0.670874
1.464047
0.903725
0.600954
0.476729
1.138004
0.653831
1.329523
0.875972
0.634339
1.067389
1.059318
0.534305
0.706892
0.639889
1.426536
0.990941
0.804033
0.297276
1.493061
1.627450
0.520338
0.913307
1.149201
1.026635
1.281568
1.544859
1.233899
0.912450
0.954012
0.532400
0.583324
1.418058
0.436125
0.184278
0.894788
1.574129
0.838109
1.224310
1.450101
1.472448
1.291699
0.509419
1.006754
0.998591
1.149308
1.433290
0.989532
0.953341
1.730565
1.482593
1.580791
1.250903
0.395900
0.729993
1.277538
0.677468
1.274851
0.511437
0.589918
1.228863
1.043837
1.173242
0.646921
1.479963
1.357520
1.541709
1.054092
1.195629
0.766019
0.504193
0.668077
1.057719
1.013612
1.674831
1.056310
1.162921
1.108121
1.045842
1.116262
0.838686
1.528434
0.697053
1.089589
0.924335
1.427046
1.367127
0.601803
0.701898
1.878565
1.191721
0.930761
0.922402
0.364964
0.577682
1.402365
0.722484
0.119391
0.456457
1.918113
0.885410
0.960650
1.586190
0.943129
0.974262
1.261022
0.999439
1.137183
1.369142
1.045281
1.253445
1.207828
0.573715
1.950499
1.297418
0.498050
1.377545
1.664545
1.099853
1.079442
1.543110
1.291574
1.010203
1.465512
0.656538
0.587885
0.867877
0.379022
0.707276
0.324333
0.297134
0.592686
1.284983
0.883325
1.535816
1.259245
1.144346
0.535255
1.396428
1.513489
0.580536
0.649874
0.721317
1.154251
0.600372
1.018735
0.652301
0.977917
0.683280
0.752153
1.057360
1.226389
1.043727
1.067563
1.691902
1.700265
0.655448
1.559778
1.079287
0.362724
0.884112
1.376421
0.955410
0.169095
1.259746
0.491225
0.428340
1.404092
1.026480
0.824768
0.917581
0.607016
1.474642
1.638898
0.761267
1.075014
0.657632
0.413567
1.052932
1.340912
1.165721
0.110292
0.567302
1.209448
0.177855
0.259203
0.909713
0.833303
0.818981
0.989000
1.196026
0.703093
1.365421
0.151436
0.872188
1.625167
0.642662
1.300528
1.029259
0.669142
0.125296
0.946840
1.276158
1.599938
0.585738
1.037424
1.674953
1.243370
1.450991
0.727885
0.584282
1.616712
0.838177
1.151584
0.826160
1.016031
1.410787
0.735874
0.849334
1.229768
0.724874
1.045360
1.932862
1.090295
1.196796
0.805050
1.715463
1.839458
1.105578
0.744722
0.508600
1.230874
1.691562
0.784757
1.830812
1.277300
0.822182
1.505765
0.520671
1.273173
1.233650
1.104953
1.889885
1.071826
1.256537
0.716046
1.087858
0.667324
0.451920
0.937192
0.897093
1.176794
0.982552
0.829954
0.267089
1.179348
0.635004
0.982552
1.018806
0.740581
0.727274
0.527406
0.971455
0.418836
1.312163
0.802268
1.696137
0.134345
1.308033
0.216807
0.407518
0.541683
1.321760
0.297403
0.613509
0.578297
1.013449
1.701367
1.245621
1.465369
1.638559
1.142714
0.642162
1.621110
0.972668
0.909252
0.800458
0.607672
0.891803
0.819264
1.348254
0.619078
1.346670
1.319709
1.037914
0.658833
1.121977
0.734050
0.793178
1.430010
0.950857
1.200695
0.971692
1.272618
1.498098
0.585202
0.850915
0.511547
1.286569
1.096536
0.976916
0.925128
1.239250
0.619078
1.546238
1.211919
1.528330
1.346696
0.819591
1.420133
1.165960
1.167845
1.039211
0.512630
0.487554
1.077125
1.171463
0.609531
1.811175
0.964641
1.039540
0.762032
1.165336
1.011233
1.034650
0.663435
0.596434
0.885565
1.174982
0.883003
0.982101
1.151898
1.808131
0.221352
1.770976
1.354369
1.433271
1.299306
0.701065
1.252862
0.719439
0.867025
1.420706
0.758650
1.379656
1.908260
0.835774
0.551119
0.517791
0.646949
0.515760
0.557331
0.408982
0.681097
0.568564
0.443632
0.344531
1.164998
1.329197
1.519514
1.048001
1.311298
0.671412
0.856132
0.532650
1.442388
0.210501
1.965921
0.741694
0.911566
1.218782
1.461133
0.778591
0.639489
1.219782
1.158247
0.547749
1.055557
0.709366
1.065540
0.702506
0.225127
0.622870
1.111487
0.906223
1.191434
0.555119
1.250754
0.356432
0.884316
1.770268
1.404433
1.195614
1.441680
0.260565
0.728264
0.884068
0.471066
0.694184
0.625761
1.382632
0.912967
1.086894
1.161223
0.552455
1.306677
0.319471
1.100204
1.362233
1.028837
1.165744
1.064739
1.253963
1.788614
1.176226
1.160186
0.980048
0.731345
0.410941
1.336480
1.615661
1.181209
0.740913
0.811274
0.622889
1.001479
1.539538
1.506957
1.472545
1.233722
1.132718
1.855177
1.146689
1.219612
1.016400
0.699144
0.526289
0.335871
0.799348
0.888522
1.364708
0.965092
0.953261
0.618671
0.753706
1.129487
0.778858
1.733755
0.860832
1.189799
1.070235
0.476493
1.371008
0.811148
0.287768
0.993897
0.812627
0.827306
0.500853
1.285172
1.061028
0.633571
1.140349
1.207717
1.853183
1.156749
0.906861
0.379472
1.492620
0.706210
1.267994
0.857328
1.671302
1.221255
1.475999
0.425008
0.350742
1.254857
0.158763
1.211575
0.444655
1.228997
0.688068
0.815663
1.040146
0.975836
0.809560
0.852772
1.803142
0.310413
0.137944
0.864170
0.943984
1.278293
1.071887
0.797168
0.435042
0.978749
1.176640
0.927662
0.684958
0.444634
0.784990
0.356260
1.665889
1.260989
0.781269
1.016632
1.515845
0.940031
1.228207
0.960500
0.169029
1.916275
0.776163
1.209174
0.892111
0.585723
1.061947
0.695253
0.896136
1.199891
0.559423
0.840120
1.478184
1.631310
1.637288
0.913226
1.610059
0.813928
0.840888
1.295017
1.258562
0.625878
0.651278
0.924451
1.886866
1.432546
0.941083
1.402711
0.372577
1.169290
1.363212
0.541606
1.085565
1.139375
0.750780
0.977675
1.725098
0.812727
1.672928
0.621234
1.012618
0.232351
1.461354
0.490802
0.863662
1.098642
0.404028
1.473720
0.912570
1.244916
0.768738
1.171132
0.870794
1.420015
1.095583
0.757660
0.852561
1.036667
1.160371
1.225139
0.205956
0.523583
0.766745
1.291521
1.662958
1.517525
0.269196
1.388057
0.330252
0.942124
1.009291
1.342870
0.174476
1.470645
0.833672
1.038137
0.569288
0.237700
1.511858
0.481858
1.482616
0.280595
0.652990
1.353410
1.700611
0.748574
1.111070
1.553172
0.785240
1.271441
0.778311
0.991196
0.795024
0.545056
1.282717
1.457983
1.062581
1.551913
0.846040
0.392833
1.494038
0.855331
0.735703
0.668514
1.325976
0.569375
1.706651
0.895264
0.807074
1.218508
0.377122
0.289690
1.499104
1.030112
1.643100
1.199714
0.778685
0.754169
0.752887
0.563925
1.025611
0.531197
1.555122
1.820635
0.076253
0.837839
1.278618
1.138834
0.389752
1.124658
1.531667
0.883790
0.979988
1.267369
0.552304
1.305964
1.836744
0.258955
1.201228
0.643818
1.477463
1.578350
0.933508
0.976567
1.608462
0.576608
1.176281
0.387147
1.330778
0.929168
0.951073
1.356388
0.460365
0.506194
1.177023
0.536618
1.344033
0.455641
0.675452
1.733786
0.580299
0.207119
1.617576
1.560287
1.474488
0.169879
0.866251
1.311232
0.428834
1.067480
0.955050
0.906297
0.645830
0.888558
0.882864
0.254292
1.465166
1.059145
0.641439
0.795944
0.988313
1.592512
0.152332
0.448679
0.098706
1.329355
0.985297
1.442739
